% # columns="iteration, evaluation, min max(neg(.)) min(pos(.)) max correlation, correlation matrix principle axes lengths  (sorted square roots of eigenvalues of correlation matrix)", seed=402735, Wed Aug 24 00:30:58 2022
1 9 -0.12309805271289456 -0.004928920285434276 0.009684834245219171 0.11311697795967944 1 1 1 1 1 1
2 18 -0.06676616318086825 -0.006567172261545042 0.01691909603195938 0.10174174716940232 1 1 1 1 1 1
3 27 -0.08165642602893365 -0.030318964994363515 0.005884834591315562 0.16709666319146096 1 1 1 1 1 1
4 36 -0.06104661316828177 -0.03302733608019065 0.005377240460430895 0.2284493985561306 1 1 1 1 1 1
5 45 -0.16798118276697746 -0.04630839499769309 0.013117229706408183 0.32888367658910156 1 1 1 1 1 1
6 54 -0.24947979399990033 -3.554017241528599e-05 0.06891015020127428 0.47805100479784013 1 1 1 1 1 1
7 63 -0.2767253127201461 -0.17253834484929287 0.011400304654021507 0.4893609591964083 1 1 1 1 1 1
8 72 -0.22971287513526076 -0.000230350350293104 0.056008289960091336 0.4580129578438922 1 1 1 1 1 1
9 81 -0.3354310410288766 -0.007211509762068157 0.035129341891188964 0.4535260116100183 1 1 1 1 1 1
10 90 -0.36915636951373537 -0.0038432279549612245 0.07129664721359075 0.4317638545734301 1 1 1 1 1 1
11 99 -0.32848942016632116 -0.03329507338544768 0.10909265181802653 0.4730335486259524 1 1 1 1 1 1
12 108 -0.42239560164440065 -0.18867431435487228 0.018657978793683343 0.5383851972163333 1 1 1 1 1 1
13 117 -0.3809638671839892 -0.01803971078601404 0.02678162272443767 0.5384543171709155 1 1 1 1 1 1
14 126 -0.3221317892575682 -0.022601356051868478 0.01790907037288441 0.45808772565690586 1 1 1 1 1 1
15 135 -0.3693189313498495 -0.020002869461304053 0.06008117975118411 0.4298930486035199 1 1 1 1 1 1
16 144 -0.3480489699145619 -0.05107033585110654 0.0016668496201052263 0.4317909409770813 1 1 1 1 1 1
17 153 -0.3448168358974035 -0.051866131823337394 0.006442583029452477 0.45702077920340656 1 1 1 1 1 1
18 162 -0.3247803195531694 -0.029951666825305215 0.04299337881891523 0.4071071847612611 1 1 1 1 1 1
19 171 -0.3515624013996498 -0.013408855547887037 0.006117048062949471 0.4466825891538161 1 1 1 1 1 1
20 180 -0.32370624431263173 -0.004132964043340534 0.09658187743900751 0.4370500591635454 1 1 1 1 1 1
21 189 -0.3569960968522205 -0.0014449380671579908 0.042882262003030365 0.4243753359352924 1 1 1 1 1 1
22 198 -0.3792317529940884 -0.023972376956956573 0.18965589302850078 0.47687307153840935 1 1 1 1 1 1
23 207 -0.39900389897785205 -0.0025970054284624915 0.019959152125252243 0.5585003985700062 1 1 1 1 1 1
24 216 -0.44983533975928036 -0.05377812042885317 0.019812818689666403 0.5266759475704758 1 1 1 1 1 1
25 225 -0.5264782374501445 -0.021821582570082952 0.16790680287140453 0.5155784495977807 1 1 1 1 1 1
26 234 -0.5561772071624126 -0.009558757119711167 0.14056811066628452 0.5063732068587238 1 1 1 1 1 1
27 243 -0.5385816801639495 -0.07441523115582008 0.0301401046035716 0.5417829673042593 1 1 1 1 1 1
28 252 -0.5672234947531816 -0.07719859712687768 0.04471903470842181 0.5396749766464509 1 1 1 1 1 1
29 261 -0.5790450201095465 -0.04306898393646749 0.07215494832036745 0.5421427381999118 1 1 1 1 1 1
30 270 -0.6010009194877821 -0.1423093524481829 0.0015801075972933544 0.526254523043223 1 1 1 1 1 1
31 279 -0.6131432594229126 -0.15831570449214707 0.04140252817557118 0.5401214743948226 1 1 1 1 1 1
32 288 -0.5895404884673076 -0.14276739422290602 0.011560130174724435 0.5172003561465983 1 1 1 1 1 1
33 297 -0.5885543750309742 -0.08417879992929041 0.08996915925960135 0.5593598306431322 1 1 1 1 1 1
34 306 -0.5886588382352925 -0.09196677513740098 0.11170404181707842 0.5288564033563533 1 1 1 1 1 1
35 315 -0.5859619281772894 -0.07003633196508276 0.13333831240751903 0.6126291878788189 1 1 1 1 1 1
36 324 -0.5834913274082748 -0.06342792161460578 0.036323808606052735 0.6897464841135567 1 1 1 1 1 1
37 333 -0.5510108311954918 -0.039995514037166766 0.030034078054510676 0.6591821228238626 1 1 1 1 1 1
38 342 -0.51219630279676 -0.0673128178654071 0.03095724681588743 0.7033512501059379 1 1 1 1 1 1
39 351 -0.5767136306112522 -0.010427446848700325 0.0709220284729386 0.7013563801680154 1 1 1 1 1 1
40 360 -0.5790409559763339 -0.08277877884844911 0.08555450001133333 0.6948210308571019 1 1 1 1 1 1
41 369 -0.5628548156255507 -0.09613580192096569 0.11809090181928697 0.6812410144072731 1 1 1 1 1 1
42 378 -0.5654633008583252 -0.1316849367644696 0.0854043239228674 0.6980743282973629 1 1 1 1 1 1
43 387 -0.6135359774313849 -0.14603164843354485 0.11620399390954392 0.7265026843488522 1 1 1 1 1 1
44 396 -0.5980063315950718 -0.16876089360303634 0.0398899187317445 0.7140815554125697 1 1 1 1 1 1
45 405 -0.5829152819778983 -0.2031238625149172 0.057777929777219725 0.6855634846516198 1 1 1 1 1 1
46 414 -0.5653883853356667 -0.21217063293938307 0.12483040293070781 0.6774470517305127 1 1 1 1 1 1
47 423 -0.5568092236104437 -0.11564919108301577 0.15950359194128133 0.7241392913740667 1 1 1 1 1 1
48 432 -0.4961092526360483 -0.11662179352290408 0.12239939151219922 0.7613548774605481 1 1 1 1 1 1
49 441 -0.5672451604664321 -0.10355271184679006 0.14106858083981955 0.7127338100046815 1 1 1 1 1 1
50 450 -0.5869013258255813 -0.12228657668503522 0.12798714026024924 0.6951236718975469 1 1 1 1 1 1
51 459 -0.5895065529696654 -0.13750269864807746 0.04316940093761754 0.7057082243454676 1 1 1 1 1 1
52 468 -0.6045516352384201 -0.06726677554225924 0.03820185141084983 0.6937835413022512 1 1 1 1 1 1
53 477 -0.5982968343665062 -0.038843205964587416 0.011346705330386057 0.7110452903607438 1 1 1 1 1 1
54 486 -0.6990409292506303 -0.01865313661787153 0.12540576576650453 0.6831227243507096 1 1 1 1 1 1
55 495 -0.6974632168637515 -0.005124877001331747 0.007961193324413814 0.6823369509935783 1 1 1 1 1 1
56 504 -0.7240853147847565 -0.42390911789141017 0.02542480714252025 0.6981695402709795 1 1 1 1 1 1
57 513 -0.7083841929572959 -0.43801152127882936 0.026125181704803758 0.6637118382842085 1 1 1 1 1 1
58 522 -0.6922538247366311 -0.39473314169444185 0.06597545744698194 0.6370535163217063 1 1 1 1 1 1
59 531 -0.6870104454095108 -0.0019274055630275667 0.05283088495684422 0.6303972486724275 1 1 1 1 1 1
60 540 -0.6936554680673277 -0.0015696436902738833 0.03709537812622846 0.615192676281774 1 1 1 1 1 1
61 549 -0.6866076712369497 -0.04117375300945307 0.07249346417542338 0.5812695845252654 1 1 1 1 1 1
62 558 -0.5999534424988362 -0.17634798494517318 0.13698222842187374 0.588827294601872 1 1 1 1 1 1
63 567 -0.5914626529096062 -0.15503553038174026 0.16333115212947946 0.5801518348017506 1 1 1 1 1 1
64 576 -0.618886071726477 -0.16739822186162537 0.12084582787090824 0.5719689012287321 1 1 1 1 1 1
65 585 -0.6257434215189692 -0.14209735340445737 0.11587703024010054 0.5809529916236036 1 1 1 1 1 1
66 594 -0.6459858446699809 -0.1529544861464741 0.06043674737894223 0.5624308781259618 1 1 1 1 1 1
67 603 -0.6797145952254338 -0.2097644821282237 0.15638902403613963 0.6614734191700937 1 1 1 1 1 1
68 612 -0.6196285311585624 -0.17942146688302155 0.0877807845151286 0.5751770427186741 1 1 1 1 1 1
69 621 -0.6466602540146595 -0.1395756591863339 0.07229575239003946 0.48276450678460997 1 1 1 1 1 1
70 630 -0.6490076999213423 -0.17641491597070855 0.0502245669880416 0.5510234445282715 1 1 1 1 1 1
71 639 -0.6564928814388464 -0.011177632406039984 0.04045414386804355 0.5921146726830847 1 1 1 1 1 1
72 648 -0.670518258977179 -0.06923985179715067 0.03349827591601405 0.6281676202217893 1 1 1 1 1 1
73 657 -0.6817772993642808 -0.1131910287121715 0.04175571555582587 0.613359158759442 1 1 1 1 1 1
74 666 -0.7333752843111382 -0.02613234533116931 0.031793248865256696 0.5522446134941301 1 1 1 1 1 1
75 675 -0.7338799717393951 -0.2163109375453971 0.00606860178098117 0.5251713732004157 1 1 1 1 1 1
76 684 -0.7357374830098843 -0.026764856252631097 0.07208350264235266 0.5734388100017657 1 1 1 1 1 1
77 693 -0.729048862023321 -0.06241556029556522 0.04780081838864338 0.5276577165672905 1 1 1 1 1 1
78 702 -0.7084420513542095 -0.12694404765701256 0.025643020023655753 0.49605380926025067 1 1 1 1 1 1
79 711 -0.719950842459017 -0.12929548366325322 0.052108602246349355 0.5130115779651199 1 1 1 1 1 1
80 720 -0.67465806086639 -0.05474409707349365 0.05386828388404276 0.5482496552935391 1 1 1 1 1 1
81 729 -0.641080707323791 -0.0004334745924624592 0.11109250436819283 0.5537922392588894 1 1 1 1 1 1
82 738 -0.6083542907437542 -0.09679306769307555 0.11857037096216577 0.6089191206376108 1 1 1 1 1 1
83 747 -0.6117925030826731 -0.05974277660799313 0.09770835849920798 0.5859530413346336 1 1 1 1 1 1
84 756 -0.6449061078801943 -0.1734642671286136 0.020600347124886814 0.5381446849322155 1 1 1 1 1 1
85 765 -0.6689908635127753 -0.14853047803584932 0.015721560084284533 0.5694957944713872 1 1 1 1 1 1
86 774 -0.6750876512957327 -5.708237376355564e-05 0.2852759878334626 0.5879349111287749 1 1 1 1 1 1
87 783 -0.713018723297589 -0.003474662219378637 0.08659481735391321 0.5795897822022602 1 1 1 1 1 1
88 792 -0.7466922958860214 -0.03792966599566419 0.12630202262890597 0.5711928084530188 1 1 1 1 1 1
89 801 -0.713280087761721 -0.039043561082945266 0.015846097452787266 0.5162210624391466 1 1 1 1 1 1
90 810 -0.7504625921617534 -0.02428888050209483 0.015727936136867154 0.5839147609841192 1 1 1 1 1 1
91 819 -0.7248938327337662 -0.010662879610015503 0.03143140801498778 0.5784650304901179 1 1 1 1 1 1
92 828 -0.7202342682890174 -0.020810818056381273 0.07179811363393457 0.5866722651687951 1 1 1 1 1 1
93 837 -0.6857219636851479 -0.11105104152994391 0.013157644265017402 0.5383238528864802 1 1 1 1 1 1
94 846 -0.6899891922813184 -0.05597921494733989 0.08927057725232265 0.6204819250062542 1 1 1 1 1 1
95 855 -0.713711174710251 -0.015287656131192885 0.05557881172079576 0.6413871516217796 1 1 1 1 1 1
96 864 -0.7120885402366137 -0.07785663085045735 0.03287731727029563 0.6584261612279871 1 1 1 1 1 1
97 873 -0.713950320319318 -0.02113130319405628 0.044983301091894995 0.6468361297700592 1 1 1 1 1 1
98 882 -0.6674016099121478 -0.021635133496046934 0.011055305143413212 0.6305825955851252 1 1 1 1 1 1
99 891 -0.6313098437304361 -0.0044777697086179616 0.05756410618711143 0.683666391097432 1 1 1 1 1 1
100 900 -0.6109944311889123 -0.006479649178091591 0.06259013688617886 0.6688072091595296 1 1 1 1 1 1
101 909 -0.6079955524900211 -0.027691543124127384 0.019003062533278242 0.6602813133412476 1 1 1 1 1 1
102 918 -0.6614867270935653 -0.025904560651930572 0.015010140719347607 0.6778141962682539 1 1 1 1 1 1
103 927 -0.623095729770473 -0.004565201510408067 0.009738906081391718 0.6751960234884827 1 1 1 1 1 1
104 936 -0.5972926880763709 -0.03645206376272509 0.02530130758440244 0.6692301103963725 1 1 1 1 1 1
105 945 -0.6250076566686755 -0.005354147353451092 0.020467326560776863 0.6560676288218086 1 1 1 1 1 1
106 954 -0.6493555018203562 -0.004813293736469421 0.06683153544552263 0.6467420502944649 1 1 1 1 1 1
107 963 -0.6727569842192436 -0.006908164208621672 0.05364698241507741 0.6179599497611212 1 1 1 1 1 1
108 972 -0.7131626964401416 -0.03106674373919711 0.04524718180738943 0.6210891384257718 1 1 1 1 1 1
109 981 -0.7222579500987883 -0.011548585371371297 0.021383399262101095 0.6119778151707364 1 1 1 1 1 1
110 990 -0.6809296528578186 -0.051303732612759945 0.030480500562080702 0.6775229309041289 1 1 1 1 1 1
111 999 -0.6461826734417508 -0.00036524588591149633 0.1436077961571211 0.7014664048896362 1 1 1 1 1 1
112 1008 -0.6561691444208922 -0.03406247369494879 0.16986236908871916 0.7170671057996402 1 1 1 1 1 1
113 1017 -0.6510713958120011 -0.045517958162212185 0.1308643558577836 0.7218127896272171 1 1 1 1 1 1
114 1026 -0.6398119352651482 -0.0988491656371587 0.048031240178705865 0.6793997740498896 1 1 1 1 1 1
115 1035 -0.6742198268585026 -0.09805740695405667 0.005518275853423682 0.6751099722703517 1 1 1 1 1 1
116 1044 -0.6895030174341568 -0.05081974430840747 0.11184102844972815 0.6667955660154755 1 1 1 1 1 1
117 1053 -0.6871891957165431 -0.013480907694292743 0.029346898323705538 0.7033363316711049 1 1 1 1 1 1
118 1062 -0.7048206050513188 -0.014063696859438795 0.06209328797470155 0.7032353083866104 1 1 1 1 1 1
119 1071 -0.6982532153346932 -0.03434278724950179 0.05428686684216489 0.7407052961212875 1 1 1 1 1 1
120 1080 -0.6555444290905579 -0.008359614567065531 0.13246956530220186 0.8079985024444047 1 1 1 1 1 1
121 1089 -0.6872724898425047 -0.04828236341673265 0.023348737831255056 0.8499228155818183 1 1 1 1 1 1
122 1098 -0.70640802448792 -0.004164068398668067 0.04311649473255579 0.8580333504812516 1 1 1 1 1 1
123 1107 -0.7490862260628911 -0.00037895564455764765 0.01577235892006159 0.8913310765644801 1 1 1 1 1 1
124 1116 -0.7633589756209013 -0.006145678385419228 0.0192421926792464 0.8966145846313762 1 1 1 1 1 1
125 1125 -0.7530973340632401 -0.005990737566096853 0.026123193898133543 0.9022009834332017 1 1 1 1 1 1
126 1134 -0.7260022567874433 -0.0012551257676077384 0.5185835156993016 0.9062607842173735 1 1 1 1 1 1
127 1143 -0.765711185606414 -0.034755133998844244 0.21493210979971097 0.9120980483606008 1 1 1 1 1 1
128 1152 -0.7608402885601163 -0.003836926726697684 0.27483413783685257 0.9200330814767606 1 1 1 1 1 1
129 1161 -0.7691789028127183 -0.0747789751691236 0.1508420720957866 0.9203476400014571 1 1 1 1 1 1
130 1170 -0.7749956471749093 -0.01316195979497356 0.10847557717932485 0.9046853036585827 1 1 1 1 1 1
131 1179 -0.781548703205484 -0.10603908234202165 0.008895429927329494 0.8663212046287696 1 1 1 1 1 1
132 1188 -0.7970236743701649 -0.006055558272392409 0.12399693343868808 0.8352557530424153 1 1 1 1 1 1
133 1197 -0.8154525124713021 -0.019739800762360274 0.08726636142702313 0.839162261723125 1 1 1 1 1 1
134 1206 -0.8329131460100024 -0.0458209853663473 0.07775750110893274 0.8455911087690205 1 1 1 1 1 1
135 1215 -0.863528463967805 -0.0013379718755324294 0.02300011446880375 0.8640409977021268 1 1 1 1 1 1
136 1224 -0.8575083518092779 -0.01047329056543287 0.061279160231231 0.8791161185640151 1 1 1 1 1 1
137 1233 -0.8558916651315908 -0.08175396866225494 0.042324017136946036 0.873591229053706 1 1 1 1 1 1
138 1242 -0.8307065285958559 -0.08032643999661156 0.04816385556421158 0.8875455091633029 1 1 1 1 1 1
139 1251 -0.8406506593455598 -0.0958524509214973 0.05264784539233595 0.8587980793577255 1 1 1 1 1 1
140 1260 -0.8470916040060379 -0.12279597274984472 0.1283433022128639 0.8348561426878615 1 1 1 1 1 1
141 1269 -0.8526495315103698 -0.19623996010443256 0.15774935599778117 0.8107760211928884 1 1 1 1 1 1
142 1278 -0.8711154003021163 -0.24264709296585876 0.044997753968924796 0.8505039451062187 1 1 1 1 1 1
143 1287 -0.8813127690988466 -0.20940410567506754 0.061882856671846044 0.8471597063729238 1 1 1 1 1 1
144 1296 -0.862289756624702 -0.2125992432646113 0.11879484933531217 0.816027218497721 1 1 1 1 1 1
145 1305 -0.8573969008966034 -0.14772085301013205 0.15566468039048134 0.8077451642558798 1 1 1 1 1 1
146 1314 -0.8404356100817697 -0.18929472233234548 0.11110949259682902 0.8146164288136442 1 1 1 1 1 1
147 1323 -0.8387073503479927 -0.2075070774156499 0.08423021113909801 0.8170780018004747 1 1 1 1 1 1
148 1332 -0.8286025159936031 -0.0455072164961104 0.20324452800395162 0.8136877903988012 1 1 1 1 1 1
149 1341 -0.7802478005742909 -0.12519093486961783 0.009029094649424453 0.8161151127250638 1 1 1 1 1 1
150 1350 -0.7687569479353229 -0.07735742688350045 0.08426694165828996 0.8129996770296888 1 1 1 1 1 1
151 1359 -0.7824257592851918 -0.0455348654840219 0.12002399739332514 0.8029499863209277 1 1 1 1 1 1
152 1368 -0.7811341627835154 -0.06552386814527142 0.0751663184239759 0.810731156272532 1 1 1 1 1 1
153 1377 -0.7956338350251607 -0.13011483054765635 0.025610505160096858 0.810322302834119 1 1 1 1 1 1
154 1386 -0.7506291903788764 -0.09751442432735641 0.006289029208127245 0.8002900331276506 1 1 1 1 1 1
155 1395 -0.7696790970269005 -0.035378383687927346 0.05532890144123583 0.7877429836855466 1 1 1 1 1 1
156 1404 -0.776063739246167 -0.009877000038774824 0.05697444516901936 0.7747926799811228 1 1 1 1 1 1
157 1413 -0.7774047332900573 -0.02735613360440084 0.009752665098190293 0.778402310285432 1 1 1 1 1 1
158 1422 -0.7899853811956765 -0.015866212869592285 0.06510503901475682 0.8205784467003451 1 1 1 1 1 1
159 1431 -0.7938210139435986 -0.022983035829877856 0.0019186848806055765 0.8504327730828226 1 1 1 1 1 1
160 1440 -0.8132989031987174 -0.009299463956268258 0.07297849002319765 0.8862972488009808 1 1 1 1 1 1
161 1449 -0.8129517676833508 -0.07045322243705181 0.015166824601040832 0.8901411227353684 1 1 1 1 1 1
162 1458 -0.8398739484578759 -0.23964654973726818 0.07047324498833699 0.8965824222629529 1 1 1 1 1 1
163 1467 -0.8201591897897039 -0.25669667856333883 0.08026538012785855 0.9017441613986497 1 1 1 1 1 1
164 1476 -0.8147633324645739 -0.2521649211885754 0.05608186170493265 0.9086165168909978 1 1 1 1 1 1
165 1485 -0.796527602002649 -0.2195451944247167 0.007857687741117104 0.9081803853070981 1 1 1 1 1 1
166 1494 -0.7686325846342756 -0.00698063441462113 0.04937662726403509 0.8992378155853884 1 1 1 1 1 1
167 1503 -0.7246333408455796 -0.03304684191076113 0.03562429654028906 0.8690733537925328 1 1 1 1 1 1
168 1512 -0.7517018186517157 -0.00494007462682335 0.2769860897573331 0.877509353041671 1 1 1 1 1 1
169 1521 -0.775120772242744 -0.2602734064713327 0.04398667172457832 0.8712602918066984 1 1 1 1 1 1
170 1530 -0.7756327318904878 -0.261520608731883 0.0488247039696482 0.8634248755989838 1 1 1 1 1 1
171 1539 -0.7680483189373615 -0.19786734074962972 0.04644384131146191 0.8475253211165966 1 1 1 1 1 1
172 1548 -0.7691686656394674 -0.21540552204076047 0.017345890571785264 0.8388885048912693 1 1 1 1 1 1
173 1557 -0.7877889576274388 -0.1487223734549613 0.047645260006331104 0.8083508744883544 1 1 1 1 1 1
174 1566 -0.7976863340382474 -0.17367976453975695 0.045090021983288917 0.8311367242412879 1 1 1 1 1 1
175 1575 -0.7554189681704424 -0.11841044502624211 0.037083225794997635 0.8229709685282278 1 1 1 1 1 1
176 1584 -0.7434090120171506 -0.11880430258492454 0.057989457843479836 0.8164021224186133 1 1 1 1 1 1
177 1593 -0.7730980906458962 -0.1213544668532487 0.10326479944267346 0.8190417793740233 1 1 1 1 1 1
178 1602 -0.7319711526472539 -0.08239048305969754 0.11268747868310613 0.7823966258776439 1 1 1 1 1 1
179 1611 -0.738990657509525 -0.02142121296742818 0.10283607914386007 0.7695891044268047 1 1 1 1 1 1
180 1620 -0.7358491211881467 -0.04311074403649559 0.07890875980229725 0.7640822906318472 1 1 1 1 1 1
181 1629 -0.7546831289270242 -0.26304900898661204 0.026394627743615073 0.769329166761111 1 1 1 1 1 1
182 1638 -0.7220483123983886 -0.19332146580417142 0.05520402143200769 0.7565741821479885 1 1 1 1 1 1
183 1647 -0.7403875521190743 -0.08188122260068928 0.0921742469767553 0.7169328346040021 1 1 1 1 1 1
184 1656 -0.7200060586623164 -0.07342906497533006 0.007748396598368036 0.7461458243596555 1 1 1 1 1 1
185 1665 -0.7384490759954386 -0.04986800047588597 0.05408289069761398 0.7182603265249111 1 1 1 1 1 1
186 1674 -0.7614858358445896 -0.03492042841402505 0.05005226160849308 0.706949628794023 1 1 1 1 1 1
187 1683 -0.7935821933786608 -0.30395435451920255 0.05163677750496597 0.6964704172255909 1 1 1 1 1 1
188 1692 -0.7716261166150964 -0.033389084109090306 0.06123711366217739 0.7614797745646296 1 1 1 1 1 1
189 1701 -0.7575418658944539 -0.07869776760842367 0.07132185873635356 0.7732973416972344 1 1 1 1 1 1
190 1710 -0.7635976385303904 -0.1679624836286694 0.12424741492433333 0.7959877889853402 1 1 1 1 1 1
191 1719 -0.7353017854392385 -0.11493826055261726 0.1496060077881585 0.8390773201741194 1 1 1 1 1 1
192 1728 -0.7481629546162981 -0.059620357427595194 0.20887578731178225 0.8445674751207074 1 1 1 1 1 1
193 1737 -0.7435375856021399 -0.2575233714070067 0.05286532571335011 0.8599603512389236 1 1 1 1 1 1
194 1746 -0.7383748383351317 -0.2523226643081234 0.18172848316070883 0.8690161251708673 1 1 1 1 1 1
195 1755 -0.7394757614917505 -0.2648163980743487 0.11330011542809615 0.9003698127172489 1 1 1 1 1 1
196 1764 -0.6941422429388273 -0.012261443067838178 0.09162000703054951 0.9048918679225149 1 1 1 1 1 1
197 1773 -0.6728845104759302 -0.03950384618577113 0.06604299434375774 0.883770136399025 1 1 1 1 1 1
198 1782 -0.6607833522921085 -0.05450685446788207 0.06746533171040049 0.8700307963128042 1 1 1 1 1 1
199 1791 -0.659789245528545 -0.044109302425970595 0.00826925512518058 0.8798461746926263 1 1 1 1 1 1
200 1800 -0.6231678865663147 -0.1106266054782891 0.0189702779074237 0.8765563752081611 1 1 1 1 1 1
201 1809 -0.6153098868084024 -0.1154033485736995 0.047242396486945525 0.8917558372308508 1 1 1 1 1 1
202 1818 -0.6413746694204129 -0.05902675566145966 0.06700746808098816 0.8844898406465982 1 1 1 1 1 1
203 1827 -0.675007582934753 -0.005662765309104945 0.03752737159885501 0.879213649898682 1 1 1 1 1 1
204 1836 -0.6705849190457261 -0.3360024930646353 0.002235389260006685 0.8683540288591489 1 1 1 1 1 1
205 1845 -0.7015629366238513 -0.0013287409862701072 0.08108707634098374 0.8693392693493598 1 1 1 1 1 1
206 1854 -0.703981259321921 -0.2884193142470272 0.02811165319903421 0.8791305536529295 1 1 1 1 1 1
207 1863 -0.7094163540730742 -0.24767866653133822 0.06433785005766054 0.8793894030271308 1 1 1 1 1 1
208 1872 -0.7480088629397754 -0.16455470350603302 0.044219511594062295 0.8749006837415101 1 1 1 1 1 1
209 1881 -0.7676482845795101 -0.1093976795877659 0.0548943889082388 0.8521127780563863 1 1 1 1 1 1
210 1890 -0.772644179455628 -0.11569256905139139 0.050043097432970154 0.8387361183165357 1 1 1 1 1 1
211 1899 -0.7749827621481524 -0.10299347523815876 0.03079174130026205 0.8241285726483772 1 1 1 1 1 1
212 1908 -0.8164126931591394 -0.3054871206754414 0.03813733918574802 0.7971863044001124 1 1 1 1 1 1
213 1917 -0.8236403363850808 -0.313260671408392 0.02596083142051501 0.7749673446957998 1 1 1 1 1 1
214 1926 -0.8523783021849335 -0.060430204575957096 0.08326929950077844 0.7541585860291713 1 1 1 1 1 1
215 1935 -0.8708095326894452 -0.05200790672684838 0.0431860269190359 0.7440373986540963 1 1 1 1 1 1
216 1944 -0.8653840216650229 -0.1664477974030031 0.14622685683435555 0.7367100573477067 1 1 1 1 1 1
217 1953 -0.8593289564162528 -0.11025640022488162 0.02528652079501443 0.798861962225369 1 1 1 1 1 1
218 1962 -0.8636768756611957 -0.1549616625883302 0.036717496798935656 0.8018152524774664 1 1 1 1 1 1
219 1971 -0.8688033025986726 -0.18312750689510457 0.06037041659752638 0.7885734503979969 1 1 1 1 1 1
220 1980 -0.8838669727639956 -0.20014466564149114 0.0947504710230182 0.8054695712958889 1 1 1 1 1 1
221 1989 -0.8948317960013663 -0.16043485644847336 0.06087336499582684 0.8437224818856335 1 1 1 1 1 1
222 1998 -0.8847793670910055 -0.21862645351198828 0.12745047506268697 0.8026947918033679 1 1 1 1 1 1
223 2007 -0.8964816043267143 -0.23888085258971273 0.12747863142239838 0.7995693881398503 1 1 1 1 1 1
224 2016 -0.9029833421994976 -0.24688859730059626 0.1392807689164976 0.7981142333702321 1 1 1 1 1 1
225 2025 -0.9063069830775636 -0.2692280164670698 0.15695621469972082 0.7929477336064843 1 1 1 1 1 1
226 2034 -0.9072954736950896 -0.2784404495487561 0.13573502540677262 0.8067665887322809 1 1 1 1 1 1
227 2043 -0.8993297538362431 -0.2422870243562577 0.06607262913375168 0.8068837618425909 1 1 1 1 1 1
228 2052 -0.9003755370413457 -0.21362001659203833 0.05351935358003455 0.803679946399611 1 1 1 1 1 1
229 2061 -0.8989514670010358 -0.30256800454631294 0.1418684848628535 0.8073883876263749 1 1 1 1 1 1
230 2070 -0.8782831220392564 -0.35601630352382213 0.15886201831976407 0.7863820610589882 1 1 1 1 1 1
231 2079 -0.8962115717449837 -0.19902354270443837 0.024712414750608588 0.8432266473746969 1 1 1 1 1 1
232 2088 -0.8788952691995678 -0.13937922484330975 0.018955389456630764 0.849061165663669 1 1 1 1 1 1
233 2097 -0.9027967204823324 -0.02668574403957787 0.11449385773248483 0.8648501029135037 1 1 1 1 1 1
234 2106 -0.9075210143161132 -0.03541033318012604 0.15410134254784486 0.8653492855176855 1 1 1 1 1 1
235 2115 -0.9058383065142228 -0.03735337438787457 0.05915398990423617 0.8755302235945216 1 1 1 1 1 1
236 2124 -0.8713223384100605 -0.03324956039887355 0.10845176690765582 0.8631401492450166 1 1 1 1 1 1
237 2133 -0.880923671414775 -0.009744117820132766 0.08855916632430322 0.8740207150184481 1 1 1 1 1 1
238 2142 -0.8759112658004664 -0.30737662662358767 0.0145298907442399 0.8761732617611919 1 1 1 1 1 1
239 2151 -0.8368730257123633 -0.05420615599937308 0.06752028806490377 0.8929410347236402 1 1 1 1 1 1
240 2160 -0.8288750934549117 -0.0708765103644349 0.03813724326901991 0.9044284400713791 1 1 1 1 1 1
241 2169 -0.8220408826668555 -0.01799117944527814 0.021009009628144257 0.902489293359017 1 1 1 1 1 1
242 2178 -0.8325251363860318 -0.03508413863835792 0.045740478545811064 0.8977608200892063 1 1 1 1 1 1
243 2187 -0.8334270639789702 -0.07117287690922658 0.0586221015480541 0.9079014854312762 1 1 1 1 1 1
244 2196 -0.8286230983570017 -0.05036440917842464 0.015836504495752985 0.909026319885276 1 1 1 1 1 1
245 2205 -0.8200700851373067 -0.08481766149720703 0.00447793409295079 0.9192609235595254 1 1 1 1 1 1
246 2214 -0.855155809272748 -0.10398800835053279 0.026697795644960748 0.8985082953005908 1 1 1 1 1 1
247 2223 -0.8668023399377466 -0.18963908205375493 0.09106580314220762 0.9056388345404813 1 1 1 1 1 1
248 2232 -0.876334547605744 -0.11343480509370225 0.04695902721010019 0.8830065334301713 1 1 1 1 1 1
249 2241 -0.8529887265787395 -0.1565404674631162 0.01590289671071096 0.8973257960314567 1 1 1 1 1 1
250 2250 -0.8493063981408308 -0.1695615706116262 0.005944042383623326 0.9016086823683249 1 1 1 1 1 1
251 2259 -0.8622673168620157 -0.030266239213503653 0.1417386903987428 0.9029208161363224 1 1 1 1 1 1
252 2268 -0.8536779359458065 -0.039340305117859485 0.17141897954541616 0.9179938151471426 1 1 1 1 1 1
253 2277 -0.8544352186432664 -0.08135435811561467 0.17803426765587335 0.9243371605798126 1 1 1 1 1 1
254 2286 -0.8205093718480556 -0.1920004445114149 0.08448874915014078 0.936067864122037 1 1 1 1 1 1
255 2295 -0.8245717127804095 -0.1559504253690779 0.078522172709293 0.9358012009068662 1 1 1 1 1 1
256 2304 -0.8319191102203395 -0.10588357642182772 0.06592891825117207 0.9270100686118922 1 1 1 1 1 1
257 2313 -0.8132904415892503 -0.11876886103341147 0.031505841533596673 0.9311018593085544 1 1 1 1 1 1
258 2322 -0.7999526226178453 -0.001868899412567985 0.2779369746652205 0.929356373764201 1 1 1 1 1 1
259 2331 -0.7854355262771809 -0.05764411892876585 0.24970444860111185 0.9296754641549759 1 1 1 1 1 1
260 2340 -0.7907692762764087 -0.05370481645159637 0.24936542232258754 0.925656607151938 1 1 1 1 1 1
261 2349 -0.801039820250307 -0.07120530257903902 0.2496861933114778 0.9265946255729067 1 1 1 1 1 1
262 2358 -0.7716083526794514 -0.11520983024323103 0.18229585992336847 0.9347263850906222 1 1 1 1 1 1
263 2367 -0.7747279949345945 -0.09020607081192802 0.16054067995120624 0.9341080575292471 1 1 1 1 1 1
264 2376 -0.745787266466878 -0.1251094942678383 0.111745993300836 0.9422299174927945 1 1 1 1 1 1
265 2385 -0.7750990395571985 -0.07942635587563704 0.16320861727152552 0.9350598287830435 1 1 1 1 1 1
266 2394 -0.802556650331012 -0.2476071992429233 0.06355423299113461 0.9251780444528355 1 1 1 1 1 1
267 2403 -0.8114357800956655 -0.2648532094261535 0.1075674307590235 0.9271159997281702 1 1 1 1 1 1
268 2412 -0.8081571735806584 -0.252338214477658 0.06312077566647997 0.9275739681265018 1 1 1 1 1 1
269 2421 -0.8132031696410267 -0.2284364623478692 0.0717325098938393 0.9187074173576092 1 1 1 1 1 1
270 2430 -0.7602810570888789 -0.012970076782071955 0.1480362745733031 0.9291512313658792 1 1 1 1 1 1
271 2439 -0.773437314095641 -0.24420156051208428 0.0025754062100112078 0.9256105141452231 1 1 1 1 1 1
272 2448 -0.7970366317433601 -0.007884359888767855 0.28256173738071294 0.9084102685834116 1 1 1 1 1 1
273 2457 -0.7981231183068543 -0.025635606321933364 0.25229288377237924 0.9078664324110631 1 1 1 1 1 1
274 2466 -0.790463209282106 -0.07673096403509111 0.299528453068032 0.900189520279152 1 1 1 1 1 1
275 2475 -0.7651145174233219 -0.07240099645470967 0.2451732490027039 0.9065124551074986 1 1 1 1 1 1
276 2484 -0.7800503680616935 -0.09019299700169135 0.30391786771412554 0.909214067029055 1 1 1 1 1 1
277 2493 -0.766420017905723 -0.0872416229575706 0.254292557326944 0.9136167447893493 1 1 1 1 1 1
278 2502 -0.7875894241169212 -0.0743774870440779 0.33663848795389595 0.9029925525776595 1 1 1 1 1 1
279 2511 -0.8296833585538268 -0.02153347311711545 0.42982930300899225 0.8901977553040004 1 1 1 1 1 1
280 2520 -0.8398303107915125 -0.05768381935271102 0.39962193724913014 0.9016003094931615 1 1 1 1 1 1
281 2529 -0.8785076889867021 -0.022927884296391227 0.4097122414562966 0.9172557297699394 1 1 1 1 1 1
282 2538 -0.8925613201942225 -0.038934635565723 0.027212897529800797 0.9251044461017368 1 1 1 1 1 1
283 2547 -0.8889548236586454 -0.05019334662994511 0.029023202109829102 0.9185515843239426 1 1 1 1 1 1
284 2556 -0.8915790992000607 -0.05850177709635691 0.42842671884402733 0.9221113716639091 1 1 1 1 1 1
285 2565 -0.8853414903872133 -0.08036182296638707 0.40556286845070444 0.922579644270431 1 1 1 1 1 1
286 2574 -0.8878414911169621 -0.07479977964993188 0.40806929046272533 0.9267764558264124 1 1 1 1 1 1
287 2583 -0.8880650744088615 -0.05663300971579583 0.3994966218292962 0.917767250599668 1 1 1 1 1 1
288 2592 -0.8750938463365395 -0.1391883152463877 0.3552829935238363 0.9172861279174871 1 1 1 1 1 1
289 2601 -0.8842223925273199 -0.055496240178441 0.42759344966300605 0.9038893591668119 1 1 1 1 1 1
290 2610 -0.8854305387701087 -0.13679521985488663 0.050291789920174954 0.8737654009113056 1 1 1 1 1 1
291 2619 -0.9005844755822999 -0.24330073476290945 0.08153542315282412 0.8983198448607124 1 1 1 1 1 1
292 2628 -0.9099938859538657 -0.2548871072280219 0.01774290704893911 0.91504647453443 1 1 1 1 1 1
293 2637 -0.8967061260245613 -0.002928577849047865 0.46108977770376225 0.9027609345838622 1 1 1 1 1 1
294 2646 -0.8873720164023857 -0.018244262193722872 0.44802282123435727 0.899813793792883 1 1 1 1 1 1
295 2655 -0.8763305118138458 -0.02112427564979791 0.39545175243672087 0.8956274522760603 1 1 1 1 1 1
296 2664 -0.8874709622155644 -0.026237214156035124 0.42455523295447095 0.9106739569932321 1 1 1 1 1 1
297 2673 -0.879298324360129 -0.07294225716835778 0.40556811126596315 0.9094568817593452 1 1 1 1 1 1
298 2682 -0.8702118903731891 -0.11112802237769555 0.062325372264331505 0.9146398367165933 1 1 1 1 1 1
299 2691 -0.8818016119513946 -0.037168360235394854 0.05218699583713128 0.9201190286760637 1 1 1 1 1 1
300 2700 -0.8888706952959307 -0.07705120499080917 0.09105832066477597 0.9294556634557898 1 1 1 1 1 1
301 2709 -0.8898140887170437 -0.12582843992456827 0.1283561741643666 0.9398412117775865 1 1 1 1 1 1
302 2718 -0.8874482748423934 -0.2813744883162498 0.14884822617797222 0.9490058288568832 1 1 1 1 1 1
303 2727 -0.872414314475729 -0.2941084373680146 0.11173437243678898 0.9404692309372431 1 1 1 1 1 1
304 2736 -0.8961766795183975 -0.263625061022571 0.1393206570145229 0.9506578800163336 1 1 1 1 1 1
305 2745 -0.9001807310753546 -0.25093810164081914 0.06539365624433996 0.9490632900413747 1 1 1 1 1 1
306 2754 -0.9049718194074603 -0.18041282972323264 0.010859658750492855 0.935913465148613 1 1 1 1 1 1
307 2763 -0.8984213576373069 -0.17858237245488373 0.0009400663661062156 0.9333158983036985 1 1 1 1 1 1
308 2772 -0.8986775249542368 -0.12301246171800082 0.36676536759258066 0.9271045111333902 1 1 1 1 1 1
309 2781 -0.9180030284056738 -0.043229842715996 0.45575281694043185 0.9257042948808365 1 1 1 1 1 1
310 2790 -0.9148077685384775 -0.05651248235819975 0.42888825066629405 0.9240985533829977 1 1 1 1 1 1
311 2799 -0.9241828362399632 -0.03136465396852111 0.4632552566835146 0.9305407311036034 1 1 1 1 1 1
312 2808 -0.9273312669966731 -0.016865520107723533 0.4615126185132851 0.9336268569132999 1 1 1 1 1 1
313 2817 -0.9356977073697434 -0.0304912935522927 0.032779741526641766 0.9384187670303221 1 1 1 1 1 1
314 2826 -0.9352722475304797 -0.010440396493332966 0.05938612057727052 0.9386582047663081 1 1 1 1 1 1
315 2835 -0.9264862052213144 -0.15036322366906874 0.0015238358822091346 0.9414554567193969 1 1 1 1 1 1
316 2844 -0.9227759651227326 -0.006728208160268959 0.014528473721761404 0.9528325410057823 1 1 1 1 1 1
317 2853 -0.9222600792696317 -0.031130241650379586 0.028119790685945296 0.9471119793695083 1 1 1 1 1 1
318 2862 -0.928160708126092 -0.05220419335649399 0.10038313154280894 0.9400346928808543 1 1 1 1 1 1
319 2871 -0.9384096411417701 -0.10281246412758947 0.17901509098870153 0.93598411961079 1 1 1 1 1 1
320 2880 -0.9310733422332881 -0.07520734519040712 0.1331175847974877 0.9303598684691228 1 1 1 1 1 1
321 2889 -0.915027303191142 -0.05563369819152414 0.05917351520359973 0.925569514155901 1 1 1 1 1 1
322 2898 -0.9187735454249503 -0.0179914213394015 0.016916079195478412 0.9181427272489333 1 1 1 1 1 1
323 2907 -0.8974140873469858 -0.052949446446048654 0.009277910252659604 0.9192829090402441 1 1 1 1 1 1
324 2916 -0.8738489692657002 -0.0051756865597484165 0.34818194244803674 0.9152313549695963 1 1 1 1 1 1
325 2925 -0.8499346440479462 -0.039755442694553764 0.2860447416924265 0.9136539873761748 1 1 1 1 1 1
326 2934 -0.7859493335823604 -0.06758959676087345 0.13367151021951057 0.9210491294417994 1 1 1 1 1 1
327 2943 -0.775870019509821 -0.04964432994615188 0.11452424980669831 0.9208626493882673 1 1 1 1 1 1
328 2952 -0.7869155975669055 -0.19807466468412793 0.009457705364404937 0.9221396285819382 1 1 1 1 1 1
329 2961 -0.8198766869064483 -0.20898858107887738 0.09619501059862055 0.9417870797865562 1 1 1 1 1 1
330 2970 -0.8215415224365245 -0.19912883761864544 0.08096835456267318 0.9416803574366673 1 1 1 1 1 1
331 2979 -0.797327857458663 -0.23783893147492047 0.05923283594203401 0.9399072174193701 1 1 1 1 1 1
332 2988 -0.817959081523236 -0.23236730700112151 0.0922648726452684 0.9458361962921612 1 1 1 1 1 1
333 2997 -0.811904076014513 -0.2756914511018074 0.023300229794903492 0.9495764473993601 1 1 1 1 1 1
334 3006 -0.8172252160464257 -0.2507073034154634 0.000332994831703506 0.9496034170633731 1 1 1 1 1 1
335 3015 -0.8085309695094369 -0.02746643715670825 0.1370042693009202 0.9468959284056516 1 1 1 1 1 1
336 3024 -0.8056930258423107 -0.0842811766064133 0.12321857187843181 0.9460420255873843 1 1 1 1 1 1
337 3033 -0.8082404062435187 -0.12085213412031785 0.10841342957644719 0.9445344151999752 1 1 1 1 1 1
338 3042 -0.7770045896786122 -0.15841440503667642 0.07523147137953244 0.9395636414093775 1 1 1 1 1 1
339 3051 -0.7736579320448118 -0.26892957782967764 0.0064237762140850994 0.9377352006336641 1 1 1 1 1 1
340 3060 -0.7724178386605833 -0.013365210581259557 0.011942993072821265 0.944315985817655 1 1 1 1 1 1
341 3069 -0.7904679108807284 -0.2643024768837452 0.010966302955267527 0.9427112928454926 1 1 1 1 1 1
342 3078 -0.788435954229874 -0.002803555775049038 0.8039896157019258 0.9471408721570047 1 1 1 1 1 1
343 3087 -0.7656747405697063 -0.05240736726824252 0.026334750323714306 0.9466090265053495 1 1 1 1 1 1
344 3096 -0.7300046157893796 -0.0791609388495108 0.1167117375677331 0.942609480010318 1 1 1 1 1 1
345 3105 -0.7714854665404242 -0.06109177606905692 0.26148814102099227 0.9359032150877992 1 1 1 1 1 1
346 3114 -0.7771203880226527 -0.014706482873200073 0.3119873515239537 0.9318068874099334 1 1 1 1 1 1
347 3123 -0.7938677724944061 -0.2701646177093926 0.025197547545933084 0.9357071447447516 1 1 1 1 1 1
348 3132 -0.8256147737965476 -0.18000311930881885 0.11027798774740795 0.9289354933823826 1 1 1 1 1 1
349 3141 -0.8407554010722504 -0.15246686539294674 0.10624961790583803 0.9220494126650992 1 1 1 1 1 1
350 3150 -0.8655573404123565 -0.17090029622676756 0.12782555939471132 0.9390749735326772 1 1 1 1 1 1
351 3159 -0.8766835392945411 -0.16706754522111178 0.11783780916876702 0.9416768957120031 1 1 1 1 1 1
352 3168 -0.8902463199912893 -0.14979721534934187 0.12424093206020774 0.9460355705114717 1 1 1 1 1 1
353 3177 -0.8933924717325338 -0.16183811334383078 0.13130548120813856 0.9408999123116392 1 1 1 1 1 1
354 3186 -0.9100777466787134 -0.14381861915049687 0.1358140767708131 0.9468711008873489 1 1 1 1 1 1
355 3195 -0.9081154413067147 -0.1622934084217518 0.12303066422211398 0.9448283009414861 1 1 1 1 1 1
356 3204 -0.8933747801443258 -0.19098989163967978 0.08212021627128942 0.9350562659194973 1 1 1 1 1 1
357 3213 -0.9101366671188806 -0.09238102172972747 0.20136133745928358 0.9397426644429544 1 1 1 1 1 1
358 3222 -0.9038691263855427 -0.11288934764953033 0.170890601662375 0.942623106867697 1 1 1 1 1 1
359 3231 -0.8872192531570492 -0.18323437188432729 0.09496952006664357 0.9444099321643771 1 1 1 1 1 1
360 3240 -0.8843565860185523 -0.18066869965249632 0.09393943732535794 0.9466464306745929 1 1 1 1 1 1
361 3249 -0.8897278331131846 -0.15342763790552752 0.11970659156007994 0.949033868506529 1 1 1 1 1 1
362 3258 -0.9022995091898353 -0.08062169474762985 0.18815642516326164 0.9519279689414146 1 1 1 1 1 1
363 3267 -0.8962165842720832 -0.09822522898614416 0.16916490690382877 0.9526779348618201 1 1 1 1 1 1
364 3276 -0.9071212920979008 -0.0014306017280483647 0.013763079605505551 0.9473329568799624 1 1 1 1 1 1
365 3285 -0.8951444032767025 -0.08873612934067061 0.18494875565563007 0.9447666710289536 1 1 1 1 1 1
366 3294 -0.9178696300416778 -0.22941194188689734 0.03072491170999252 0.9448078692785803 1 1 1 1 1 1
367 3303 -0.9137431713473047 -0.21666012020855457 0.050035368487727626 0.940875669184001 1 1 1 1 1 1
368 3312 -0.922142421559643 -0.14717003985895005 0.10990733473043654 0.939290901213226 1 1 1 1 1 1
369 3321 -0.9124383832675083 -0.1513688190461826 0.0877973488792072 0.9419995150614845 1 1 1 1 1 1
370 3330 -0.9175077649349057 -0.6173302725243448 0.025832410918242826 0.9390580595105504 1 1 1 1 1 1
371 3339 -0.9100053816248433 -0.6102683551957435 0.048510061526204275 0.9414365321186222 1 1 1 1 1 1
372 3348 -0.9062398155488716 -0.5990167751044218 0.08800748274036682 0.9396884231084844 1 1 1 1 1 1
373 3357 -0.9028327329688614 -0.5639215168766294 0.08944428422950502 0.9306073905760719 1 1 1 1 1 1
374 3366 -0.9171583011117402 -0.5930286212653083 0.1405793380089129 0.9325649149641052 1 1 1 1 1 1
375 3375 -0.9178552536726297 -0.581121424769332 0.11442913952685473 0.9329582806477802 1 1 1 1 1 1
376 3384 -0.9048307890301907 -0.5374332560909254 0.047092582313289943 0.9273610208451345 1 1 1 1 1 1
377 3393 -0.9100224951835275 -0.4350481506180046 0.010144064802639368 0.9346801180733835 1 1 1 1 1 1
378 3402 -0.9045426549301422 -0.01134844516434539 0.10037902075391626 0.9224356829245354 1 1 1 1 1 1
379 3411 -0.9080952735252231 -0.42174211527863176 0.01943140346619316 0.922060639565088 1 1 1 1 1 1
380 3420 -0.9190146657592767 -0.0014759974967926246 0.13305923726083435 0.9241467446495244 1 1 1 1 1 1
381 3429 -0.9251485843187004 -0.03564094610344055 0.09935327270127937 0.9226421864942589 1 1 1 1 1 1
382 3438 -0.9224119654895478 -0.05681940303567306 0.022553062257476112 0.9301409820983565 1 1 1 1 1 1
383 3447 -0.9286715409786879 -0.47876018397740805 0.026707099536083388 0.9254334248784313 1 1 1 1 1 1
384 3456 -0.917811628971629 -0.4539268832461903 0.010865562648557649 0.9070414165048989 1 1 1 1 1 1
385 3465 -0.921311655826825 -0.03990053208020308 0.11539613990988519 0.9001242252847461 1 1 1 1 1 1
386 3474 -0.9279371965293375 -0.029362695794615236 0.07299991055428062 0.8942886519027701 1 1 1 1 1 1
387 3483 -0.9030037108326715 -0.04821803350523869 0.028809864095156606 0.8930576056090469 1 1 1 1 1 1
388 3492 -0.8955340961157527 -0.03816339331737319 0.019328823852749956 0.9057722533826564 1 1 1 1 1 1
389 3501 -0.9041420500902905 -0.040018980764236545 0.03510862082582099 0.9045227714968128 1 1 1 1 1 1
390 3510 -0.9117414474951233 -0.01942754417465757 0.07607598588004358 0.9091451984463401 1 1 1 1 1 1
391 3519 -0.9148147757227651 -0.041673466169294675 0.05034524915929298 0.9117431727690134 1 1 1 1 1 1
392 3528 -0.9139018831165502 -0.1109068851336779 0.04080810547041387 0.9118309873845558 1 1 1 1 1 1
393 3537 -0.9076001184883773 -0.3915087586983572 0.009826340195087937 0.9237197580936652 1 1 1 1 1 1
394 3546 -0.919731440934432 -0.39786703986871363 0.009386511862868242 0.931255181377384 1 1 1 1 1 1
395 3555 -0.9156293952926607 -0.041241004321320905 0.07273246894815066 0.9406478977074787 1 1 1 1 1 1
396 3564 -0.9228698968294314 -0.014301328274197011 0.06840142918205866 0.9454534774868302 1 1 1 1 1 1
397 3573 -0.9239310136007071 -0.2819999830372493 0.018692729545481214 0.9452365891618835 1 1 1 1 1 1
398 3582 -0.9124824559254634 -0.32911797648614266 0.014265633697088363 0.9400156922004013 1 1 1 1 1 1
399 3591 -0.9160749500947187 -0.08778368152580392 0.03602173479735968 0.9364175997371145 1 1 1 1 1 1
400 3600 -0.9215911543059576 -0.03573700188175446 0.08602925605231772 0.9382360100396313 1 1 1 1 1 1
401 3609 -0.9098007385220076 -0.0007594500665252816 0.11435210793719552 0.928417225737618 1 1 1 1 1 1
402 3618 -0.9018924895863334 -0.0344594373453497 0.06772134399775717 0.9339821016673139 1 1 1 1 1 1
403 3627 -0.90460252222478 -0.0078096280506044675 0.09615799014760304 0.9359533896320172 1 1 1 1 1 1
404 3636 -0.920324829968627 -0.49194603099820056 0.009995075783629407 0.9313278467530288 1 1 1 1 1 1
405 3645 -0.9327563182542767 -0.4896048077392009 0.04761834996450607 0.938577451724107 1 1 1 1 1 1
406 3654 -0.9501076746475987 -0.5261842540201792 0.13324595271430173 0.9493278885398251 1 1 1 1 1 1
407 3663 -0.9550994643304317 -0.5315324816183972 0.13228728811212837 0.946669334942112 1 1 1 1 1 1
408 3672 -0.9491062973157373 -0.5188459326133588 0.07597846182336117 0.9343287724160174 1 1 1 1 1 1
409 3681 -0.9495714872372435 -0.49856262122140355 0.06682350149424139 0.9426194389087315 1 1 1 1 1 1
410 3690 -0.9514893718981478 -0.5245727747224717 0.12560756772509818 0.9512181452572317 1 1 1 1 1 1
411 3699 -0.9535975261516526 -0.5260028689018172 0.10525463669908552 0.9512365208747363 1 1 1 1 1 1
412 3708 -0.9575410942821252 -0.4380488992079252 0.046701737438020086 0.9513500428255632 1 1 1 1 1 1
413 3717 -0.9524536469796724 -0.02442593200859975 0.025680598987402912 0.9401636385508565 1 1 1 1 1 1
414 3726 -0.9475182313522345 -0.006893043595668193 0.03876088032242445 0.931827904753402 1 1 1 1 1 1
415 3735 -0.9446736258469293 -0.36912016928097924 0.0378783570899911 0.933154419660557 1 1 1 1 1 1
416 3744 -0.95071729263074 -0.3440669483876588 0.017233633717360555 0.9385365208380523 1 1 1 1 1 1
417 3753 -0.9524603502695218 -0.3880713530325164 0.056030484220986505 0.9501504304278451 1 1 1 1 1 1
418 3762 -0.9344937870780428 -0.2984447521633316 0.01959557805798159 0.9463883661666458 1 1 1 1 1 1
419 3771 -0.9316899972997639 -0.22825342535989465 0.01694607632925524 0.9540724951841082 1 1 1 1 1 1
420 3780 -0.9337006607273721 -0.22303269051641195 0.0504126090316485 0.9543435977412278 1 1 1 1 1 1
421 3789 -0.9160202292959325 -0.2268597070078801 0.029498598884383716 0.9506374320293803 1 1 1 1 1 1
422 3798 -0.8970880518289909 -0.08784925407724545 0.048229148007880175 0.9471600955321507 1 1 1 1 1 1
423 3807 -0.9048933852110859 -0.07486548781975705 0.023877059842734326 0.9525052719265844 1 1 1 1 1 1
424 3816 -0.9109113434671541 -0.056236749997163556 0.04442100245484116 0.9559255383493126 1 1 1 1 1 1
425 3825 -0.9081995492323018 -0.21449822651872721 0.023063127485706294 0.9551454354952095 1 1 1 1 1 1
426 3834 -0.8962169613601185 -0.0001413449922424496 0.007746916834286333 0.948932860433828 1 1 1 1 1 1
427 3843 -0.8822809148317549 -0.00026948723852702377 0.017387120029446618 0.942668814265382 1 1 1 1 1 1
428 3852 -0.8961150058282119 -0.016954416033941593 0.0860363141916946 0.9455936451924194 1 1 1 1 1 1
429 3861 -0.887710012423995 -0.03462894983252296 0.05561060106175156 0.9449228364126746 1 1 1 1 1 1
430 3870 -0.8849115968476013 -0.006881323744448834 0.026096116809204664 0.9421080911175105 1 1 1 1 1 1
431 3879 -0.8733283855217487 -0.11005722134317669 0.03447808803588034 0.9389779418777481 1 1 1 1 1 1
432 3888 -0.8900754369764705 -0.10200276077698775 0.05205652863736815 0.9453448006839739 1 1 1 1 1 1
433 3897 -0.8902168494043663 -0.13059988554718818 0.037366369239712455 0.9511027662309166 1 1 1 1 1 1
434 3906 -0.8974144537861412 -0.15658219419935548 0.03759339293504652 0.9554292384048726 1 1 1 1 1 1
435 3915 -0.9103253529500572 -0.1638548069693923 0.05080629988660685 0.9532885022390593 1 1 1 1 1 1
436 3924 -0.9262295718923137 -0.12195747330766302 0.061055632725056735 0.9572140596685011 1 1 1 1 1 1
437 3933 -0.9266690755041759 -0.05191145121992027 0.06600057032541726 0.9599854473046131 1 1 1 1 1 1
438 3942 -0.9172202833639194 -0.03333814136940444 0.07959283465714877 0.953666327232355 1 1 1 1 1 1
439 3951 -0.9307981172326601 -0.15114845690107598 0.015989146256083178 0.964316898687195 1 1 1 1 1 1
440 3960 -0.9303190638249298 -0.0044323376000848435 0.11200977007988781 0.9625561649146941 1 1 1 1 1 1
441 3969 -0.9263559043162441 -0.05520793600290551 0.10570229261611877 0.9675448322587085 1 1 1 1 1 1
442 3978 -0.9208166942467692 -0.07649196562660199 0.0693169962748228 0.9634911089244202 1 1 1 1 1 1
443 3987 -0.9169704624384881 -0.01168580909493256 0.0013414444887287556 0.9581254990296385 1 1 1 1 1 1
444 3996 -0.9278583548318573 -0.02703136448859287 0.0014154887637886078 0.9525943278111493 1 1 1 1 1 1
445 4005 -0.9278828953198732 -0.09972875204078298 0.05822048997856798 0.9583087902732317 1 1 1 1 1 1
446 4014 -0.9240528169600457 -0.1416502132153721 0.07349536449828617 0.9525044496100543 1 1 1 1 1 1
447 4023 -0.925496290937729 -0.18266065687109784 0.07407878726511738 0.9560341881009365 1 1 1 1 1 1
448 4032 -0.9259131378587758 -0.23823530306862667 0.057079868758665143 0.9614905377730857 1 1 1 1 1 1
449 4041 -0.9314093731410524 -0.242769964262901 0.05718846474415287 0.957817275226162 1 1 1 1 1 1
450 4050 -0.9452720372097753 -0.3153358919702576 0.12019543159262434 0.9610339940056997 1 1 1 1 1 1
451 4059 -0.9435727731451097 -0.31653400265286835 0.1597260290183638 0.9642912741409341 1 1 1 1 1 1
452 4068 -0.9458493864789032 -0.30517949730220517 0.17014135288284918 0.9652134155567479 1 1 1 1 1 1
453 4077 -0.946178106357024 -0.31318135963088956 0.1295637320786675 0.9674440087668393 1 1 1 1 1 1
454 4086 -0.9428739489445936 -0.35102104483426855 0.07873153088016804 0.9667759619191326 1 1 1 1 1 1
455 4095 -0.9479179886419732 -0.35252069015878074 0.1389421489250608 0.9647462126461062 1 1 1 1 1 1
456 4104 -0.9499041698676295 -0.32328729195433703 0.08998476523087522 0.9632993755723384 1 1 1 1 1 1
457 4113 -0.9436902711515572 -0.25701912850827113 0.017874101077771848 0.9611726772856343 1 1 1 1 1 1
458 4122 -0.9426847705792016 -0.05182209011802855 0.12620211567293185 0.9576178732155516 1 1 1 1 1 1
459 4131 -0.9373407418461915 -0.2883365060270836 0.028909108390763383 0.9681324801694795 1 1 1 1 1 1
460 4140 -0.9354074909757898 -0.23397088381631725 0.01981134607242695 0.9625202003523662 1 1 1 1 1 1
461 4149 -0.9340753289032667 -0.27947804116873687 0.01929537346227409 0.9648943644133481 1 1 1 1 1 1
462 4158 -0.9357723993769548 -0.00461411458695105 0.08189915519993263 0.9667363304455957 1 1 1 1 1 1
463 4167 -0.922917939886079 -0.03454314534625229 0.05363395447276067 0.9685478253609839 1 1 1 1 1 1
464 4176 -0.9290762632005555 -0.4087216967991849 0.03619874351920742 0.9750951686391403 1 1 1 1 1 1
465 4185 -0.9283648479576617 -0.42470408038289953 0.08676089609426169 0.9751628514172233 1 1 1 1 1 1
466 4194 -0.9534157951355887 -0.5368601921956209 0.20534884792238195 0.981821423011012 1 1 1 1 1 1
467 4203 -0.9516365358437273 -0.6086158229107069 0.2326773238851636 0.98533263745062 1 1 1 1 1 1
468 4212 -0.9506463310729415 -0.5903684021523792 0.2001108805301017 0.9854557291869873 1 1 1 1 1 1
469 4221 -0.9536580082302257 -0.5939425785828109 0.23716932410730046 0.9851828998184724 1 1 1 1 1 1
470 4230 -0.9470686402215068 -0.5601440560219048 0.17874295518062092 0.9838459476474214 1 1 1 1 1 1
471 4239 -0.9419168180934808 -0.5567240275461148 0.08659145259078714 0.9830032597601431 1 1 1 1 1 1
472 4248 -0.948194152088686 -0.5637094955860852 0.08649250491056203 0.984724013327128 1 1 1 1 1 1
473 4257 -0.9545570348478086 -0.556154255153843 0.09732455532841633 0.9860916528962753 1 1 1 1 1 1
474 4266 -0.9498577213441751 -0.4806079139472677 0.07816872924602027 0.9841101254393151 1 1 1 1 1 1
475 4275 -0.9519631736259799 -0.48539937223857366 0.12805546440186089 0.9840364550140279 1 1 1 1 1 1
476 4284 -0.9498206717895836 -0.47319491437899264 0.09840976835539117 0.984829246561649 1 1 1 1 1 1
477 4293 -0.9467083904807726 -0.5150821694106701 0.12187763905738598 0.9863162356131326 1 1 1 1 1 1
478 4302 -0.9579265765335928 -0.38067446691505513 0.03457947748444772 0.9835313706147285 1 1 1 1 1 1
479 4311 -0.9664854663240737 -0.4527142479147039 0.07415764273104204 0.9870142293838569 1 1 1 1 1 1
480 4320 -0.9604382992717935 -0.43475246443386734 0.0010483042786696756 0.9853367441430071 1 1 1 1 1 1
481 4329 -0.9544354494258711 -0.007449406076827234 0.14903531642308004 0.9860284090206911 1 1 1 1 1 1
482 4338 -0.9643782176904927 -0.48306957624842395 0.0815451157003573 0.9906185668355585 1 1 1 1 1 1
483 4347 -0.9626086938678198 -0.4943896410798735 0.07963770694794348 0.9903723775662847 1 1 1 1 1 1
484 4356 -0.9633338356978743 -0.4879862931817191 0.0728369089766525 0.9901311112189415 1 1 1 1 1 1
485 4365 -0.9614000300493964 -0.45294949689946734 0.005795731487876976 0.9894872716222088 1 1 1 1 1 1
486 4374 -0.9580801824386143 -0.05445930305958494 0.060027404914179655 0.9894111576501707 1 1 1 1 1 1
487 4383 -0.9594344397251849 -0.03265242691598445 0.08759246743932336 0.9902674048012495 1 1 1 1 1 1
488 4392 -0.9665455058049919 -0.014559720751207421 0.08672106571387247 0.9911972387162078 1 1 1 1 1 1
489 4401 -0.9760099717862358 -0.32593877125294246 0.008676396914954462 0.9895728099255006 1 1 1 1 1 1
490 4410 -0.979130506221764 -0.07315567598411543 0.17775148989087247 0.9881784555491612 1 1 1 1 1 1
491 4419 -0.9756901611885309 -0.10456909626113951 0.1730728321793919 0.9895527691038201 1 1 1 1 1 1
492 4428 -0.9750534138477363 -0.07142439128397617 0.10717382859047267 0.9896660921728919 1 1 1 1 1 1
493 4437 -0.9758181712304406 -0.1282329625207217 0.09641844931132447 0.9901070370066039 1 1 1 1 1 1
494 4446 -0.9771412159421221 -0.0839880249948475 0.11352865968560032 0.9902226838350113 1 1 1 1 1 1
495 4455 -0.9771044989580704 -0.06995564491184803 0.15427162141374007 0.9898985051444598 1 1 1 1 1 1
496 4464 -0.981356309554661 -0.08368427154087361 0.14285346793332868 0.9902023584911068 1 1 1 1 1 1
497 4473 -0.9802007130669756 -0.1389728892980914 0.13285643830365954 0.9899390372675083 1 1 1 1 1 1
498 4482 -0.9844441164907718 -0.10364435354862322 0.17619249610953977 0.9909113206497612 1 1 1 1 1 1
499 4491 -0.9849779076688908 -0.12815810001312683 0.15030034097818593 0.9907683308854704 1 1 1 1 1 1
500 4500 -0.9837849763329409 -0.11121131978604072 0.21259153279283308 0.9899355147464973 1 1 1 1 1 1
501 4509 -0.9886592470155907 -0.007829837596762196 0.2621408519453676 0.9912839308302276 1 1 1 1 1 1
502 4518 -0.9903372847412572 -0.3427195886688898 0.05129616219401155 0.9922621663564503 1 1 1 1 1 1
503 4527 -0.9915430516345984 -0.30170669158543534 0.005298476433777415 0.9915133035084911 1 1 1 1 1 1
504 4536 -0.9914031378503277 -0.004003883488217602 0.20570091756539313 0.9904334912016266 1 1 1 1 1 1
505 4545 -0.9908235807982939 -0.059167738393647806 0.1973624724884363 0.989853634874243 1 1 1 1 1 1
506 4554 -0.9928832285035821 -0.07789793652741216 0.023989685849407985 0.9896611066368597 1 1 1 1 1 1
507 4563 -0.9935443048930925 -0.012401583239774925 0.11957284667856029 0.9913732442279718 1 1 1 1 1 1
508 4572 -0.9942837867629333 -0.0883881970154348 0.027196783202612797 0.9922391466636195 1 1 1 1 1 1
509 4581 -0.9941057861294157 -0.0019344893829191117 0.10644434289167169 0.9895087702373987 1 1 1 1 1 1
510 4590 -0.9943773115470136 -0.08710072079271157 0.05613737490130031 0.9881579851773166 1 1 1 1 1 1
511 4599 -0.9953676277447501 -0.02345914861266694 0.10100232259101216 0.9878023333934554 1 1 1 1 1 1
512 4608 -0.9959852379158979 -0.10300718064436973 0.01576561242140952 0.9887165687800369 1 1 1 1 1 1
513 4617 -0.9962499740993767 -0.008699045740144627 0.1169724404502521 0.9878818140060829 1 1 1 1 1 1
514 4626 -0.9957413208571904 -0.1138062201797441 0.011868066274723615 0.9893161314142207 1 1 1 1 1 1
515 4635 -0.9937404321517967 -0.007098113254534618 0.11884028609307683 0.9879621180912378 1 1 1 1 1 1
516 4644 -0.9938443296583536 -0.015022854188210708 0.1135611106431459 0.9877783764412639 1 1 1 1 1 1
517 4653 -0.9947972391192738 -0.1334063933257947 0.008859852791906004 0.98841050083053 1 1 1 1 1 1
518 4662 -0.9941610191687233 -0.0849373911300646 0.06341281664328043 0.9880018335508655 1 1 1 1 1 1
519 4671 -0.9947547497708106 -0.12643977977668133 0.008335395308220648 0.9883249339986101 1 1 1 1 1 1
520 4680 -0.9948785199653023 -0.013870957131892955 0.12192035698132574 0.9877746204444845 1 1 1 1 1 1
521 4689 -0.9941714027328545 -0.0744854171394951 0.043459436010032715 0.9891867690239974 1 1 1 1 1 1
522 4698 -0.9939913908965001 -0.11521071903495737 0.08720617871941279 0.989651162172684 1 1 1 1 1 1
523 4707 -0.9943525838174185 -0.11687102853901354 0.09796846369026992 0.9892721658060597 1 1 1 1 1 1
524 4716 -0.9940889355132968 -0.14895378441261617 0.12427634362460342 0.9886913775236514 1 1 1 1 1 1
525 4725 -0.9938908708669447 -0.10217687604815891 0.08098491038272554 0.9876963036673245 1 1 1 1 1 1
526 4734 -0.9939825045760112 -0.135185131220527 0.11748656082952114 0.9881569901435788 1 1 1 1 1 1
527 4743 -0.9950213362230782 -0.18962198166977007 0.18631037193879918 0.9886131994409227 1 1 1 1 1 1
528 4752 -0.9949419536237928 -0.24517258754383384 0.32166870118129653 0.9893361787319506 1 1 1 1 1 1
529 4761 -0.9948001872938813 -0.25404058052122336 0.3042568950626649 0.9891189076953624 1 1 1 1 1 1
530 4770 -0.9949483164356233 -0.21109252177501492 0.3770221899259742 0.9896676402507347 1 1 1 1 1 1
531 4779 -0.9959146139290831 -0.1418921053902814 0.39902888888114457 0.991092220095515 1 1 1 1 1 1
532 4788 -0.9961454353990292 -0.06860171335675935 0.421301445161109 0.9915426370258147 1 1 1 1 1 1
533 4797 -0.9959697064863976 -0.08906400272653169 0.35448846373396115 0.9905954264602284 1 1 1 1 1 1
534 4806 -0.9953500315903449 -0.11116201783377692 0.31099261315737775 0.9899338110194348 1 1 1 1 1 1
535 4815 -0.9952066902476172 -0.05031603378850307 0.33914570243378084 0.9913386531330538 1 1 1 1 1 1
535 4815 -0.9952066902476172 -0.05031603378850307 0.33914570243378084 0.9913386531330538 1 1 1 1 1 1
