% # columns="iteration, evaluation, sigma, max axis length,  min axis length, all principle axes lengths  (sorted square roots of eigenvalues of C)", seed=402735, Wed Aug 24 00:30:58 2022
1 9 1.0243636845613293 1.0000416675347343 1.0 1.0 1.0000083333680556 1.0000166668055563 1.0000250003125026 1.0000333338888951 1.0000416675347343
2 18 1.004141397408217 1.1646341279144872 0.9118472059731508 0.9118472059731508 0.9472738619491287 0.9818793117697857 0.9983240375424816 1.0501918956127676 1.1646341279144872
3 27 1.010606959362235 1.1539976144768835 0.8786087076234087 0.8786087076234087 0.9545208683773968 0.9862028108753057 1.0027361091398763 1.0629067835755335 1.1539976144768835
4 36 1.0052641923531718 1.1678625678224575 0.8649738147199385 0.8649738147199385 0.8909795658229663 0.9545523051565534 1.0333614871919459 1.10456966716733 1.1678625678224575
5 45 1.0123476992132918 1.2529442392147216 0.8235912765837635 0.8235912765837635 0.8853089179455331 0.9319841456062398 1.0040866114119051 1.0723158752077422 1.2529442392147216
6 54 1.1517542225149973 1.261516379872138 0.7532099314905223 0.7532099314905223 0.8597248309501831 0.9377557589413464 1.0160121176286279 1.1911233625290785 1.261516379872138
7 63 0.9487705968154335 1.4483655361707317 0.7225497927777618 0.7225497927777618 0.8316189848802952 0.9437272953408691 1.0357255812540767 1.216619759693474 1.4483655361707317
8 72 0.9726776365362607 1.441536251530409 0.6853230274763603 0.6853230274763603 0.8282850159589136 0.8977626502089235 0.9746501546383374 1.2181384185925377 1.441536251530409
9 81 1.0153153183190664 1.5227125211939527 0.711833805599947 0.711833805599947 0.8074894910031245 0.8697199408395055 0.9433096499745177 1.25200143896171 1.5227125211939527
10 90 1.0361986687584068 1.4921415242998413 0.6775064127251367 0.6775064127251367 0.8163666217186872 0.8567859617025274 0.9790280962237902 1.2338657784296916 1.4921415242998413
11 99 1.0337369656128514 1.4802070526550515 0.6832337948555359 0.6832337948555359 0.7892370378702769 0.9068229853305558 0.925237565842523 1.2100897100319352 1.4802070526550515
12 108 1.1378455132075678 1.4855120757633278 0.6542502407052317 0.6542502407052317 0.7987981444397975 0.8683669177797387 0.9334152245132638 1.2416561340443542 1.4855120757633278
13 117 1.17879022750546 1.6831990924805351 0.6297335770560891 0.6297335770560891 0.8043851365506328 0.8358500114807611 0.9131452068472559 1.2087615777978324 1.6831990924805351
14 126 1.3723676888615368 1.6425585408705858 0.6385905812460145 0.6385905812460145 0.7980609823064138 0.8357789923251361 0.9033122083681386 1.149598015196998 1.6425585408705858
15 135 1.3382671254248024 1.6675077644409508 0.6440897202961281 0.6440897202961281 0.7261385075458585 0.8838916484782593 0.9550665560709182 1.2970696252384646 1.6675077644409508
16 144 1.3363681179924605 1.6482314532621805 0.6092750860520485 0.6092750860520485 0.701558860466842 0.9066827388288321 0.9585173900774392 1.295802381174865 1.6482314532621805
17 153 1.3122098850742592 1.6363930048698327 0.5961224880215545 0.5961224880215545 0.6821666521039743 0.8493578515231085 1.0088291647259384 1.2351030237413205 1.6363930048698327
18 162 1.1276738952235528 1.7043686836632905 0.5817457841619663 0.5817457841619663 0.6938991642000613 0.8258487702712072 1.0117515462284492 1.2416399904698368 1.7043686836632905
19 171 0.9758119377769863 1.636147005900873 0.5481121462324958 0.5481121462324958 0.6661439515532491 0.8048041735396079 1.0040016224773678 1.2612184970757456 1.636147005900873
20 180 0.9704547808152024 1.6562692123974534 0.537910364376163 0.537910364376163 0.626338053832313 0.7924081901551767 0.980480418125291 1.2778249916044648 1.6562692123974534
21 189 0.9723339293283874 1.6324483144423894 0.5202924162698889 0.5202924162698889 0.6806402986632314 0.7778763957837012 0.9521980617929041 1.2478277803927682 1.6324483144423894
22 198 1.0173503751975101 1.5734982982130759 0.5177824317950754 0.5177824317950754 0.6733797290641615 0.7619386932807888 0.9773601875819974 1.24613760909327 1.5734982982130759
23 207 1.0791996083057744 1.6260800415333725 0.5106335925246138 0.5106335925246138 0.6488100072280072 0.7749071836856993 1.0047672145563413 1.2113187285069098 1.6260800415333725
24 216 0.9732517707481191 1.7789201785493454 0.49688607096175635 0.49688607096175635 0.6641036989174693 0.7501482489989135 0.9557798160630139 1.210766575915904 1.7789201785493454
25 225 0.9564751238878447 1.7830562784952617 0.4847676358118149 0.4847676358118149 0.6514229251178862 0.7153680056328057 0.9659602652537415 1.2296623684000638 1.7830562784952617
26 234 0.8633422083669278 1.8007601628193355 0.48094495998527237 0.48094495998527237 0.6419397277207737 0.7122803432114104 0.934433004831559 1.1961467995968618 1.8007601628193355
27 243 0.8347576819987823 1.770908452239835 0.4655452282825486 0.4655452282825486 0.6287778641160597 0.7413732738011767 0.8682933453830314 1.1445596792628836 1.770908452239835
28 252 0.8156213190428144 1.783321024387934 0.46495136844955115 0.46495136844955115 0.660989568293842 0.7208090921730367 0.8337034586487673 1.0849863947787637 1.783321024387934
29 261 0.7542929695052165 1.736626374829651 0.45931985765936767 0.45931985765936767 0.6546325065085187 0.7450764739890412 0.8164094389852824 1.0486004145416452 1.736626374829651
30 270 0.6862355761693387 1.776091259234831 0.42315813258938917 0.42315813258938917 0.6469673476921016 0.7316038666698771 0.8206875142536559 1.101575875168817 1.776091259234831
31 279 0.6427559271121664 1.7753582158077956 0.4048908541669606 0.4048908541669606 0.607430909368529 0.7387834393907527 0.8168816506466291 1.0732008771751134 1.7753582158077956
32 288 0.6952166960772305 1.7906048115821793 0.4078389939496324 0.4078389939496324 0.5667964046734255 0.7004110578737653 0.8091972082311112 1.082430517418372 1.7906048115821793
33 297 0.7099635975794726 1.7260309936908833 0.4061059184679795 0.4061059184679795 0.5607834897090481 0.6990068336290992 0.7755003329811826 1.205126334275139 1.7260309936908833
34 306 0.707862406427656 1.825434424487592 0.4050536225689619 0.4050536225689619 0.5374061735395324 0.691318712510711 0.6993091146644606 1.2436134484751318 1.825434424487592
35 315 0.771273107467837 1.7857385963670427 0.398576918195475 0.398576918195475 0.5190864074759363 0.6898509396406609 0.7039938296357537 1.30354796899794 1.7857385963670427
36 324 0.9026675656810367 1.9792206163767851 0.37100487090217815 0.37100487090217815 0.5151535646167553 0.692410972264513 0.7121238893488196 1.3013918150026256 1.9792206163767851
37 333 0.9892268359698306 2.1991078495233984 0.3623598618282406 0.3623598618282406 0.5383469115082287 0.638393685500879 0.7159217624147879 1.3148229171437735 2.1991078495233984
38 342 1.0990517453446125 2.201662256359853 0.35860994080536474 0.35860994080536474 0.5368855632382226 0.635387561816305 0.6941676438050193 1.371409718069612 2.201662256359853
39 351 1.0594733817611657 2.2425332932751574 0.35687556231586387 0.35687556231586387 0.539898944264719 0.6609413373724958 0.6892104474675367 1.305859782294939 2.2425332932751574
40 360 0.9296302720260621 2.174049154456277 0.37294289939059483 0.37294289939059483 0.5356883692533138 0.6418097892850254 0.6984567371365649 1.2736559996654129 2.174049154456277
41 369 0.9790266889232904 2.134186560851565 0.3433563246733466 0.3433563246733466 0.531338298434993 0.6171511242879091 0.7034976123871665 1.242381227499217 2.134186560851565
42 378 1.0348275270295377 2.0635714214139127 0.3310678563580282 0.3310678563580282 0.531456608533267 0.6141994970502992 0.739683313384297 1.2883209854152673 2.0635714214139127
43 387 0.9449284844795901 2.0629941556391183 0.35785535993631323 0.35785535993631323 0.5035495749663824 0.7005876849905989 0.7273620090190571 1.260248268323707 2.0629941556391183
44 396 0.9865700766704076 2.2012362509979395 0.33743084925110656 0.33743084925110656 0.5074806234311406 0.7005255840918683 0.7285844310407711 1.2411860703494175 2.2012362509979395
45 405 1.031172808616508 2.1943427777578486 0.30945149537906497 0.30945149537906497 0.5772206302483459 0.6960585238244953 0.7079380030717484 1.2284029179690419 2.1943427777578486
46 414 0.9602352759471882 2.1847894951150644 0.2952618168338563 0.2952618168338563 0.5220207996651369 0.6915720678383019 0.7539247762660317 1.2633790299962702 2.1847894951150644
47 423 1.0091922231069888 2.0944353519963665 0.29779413935460236 0.29779413935460236 0.4958158600964233 0.6644821473803781 0.7739466195279893 1.261499508534648 2.0944353519963665
48 432 1.1154899257736202 2.1924877929967304 0.3121986746154984 0.3121986746154984 0.5029406505314682 0.6514486399845738 0.7961674963718044 1.2727236584233184 2.1924877929967304
49 441 1.0535383800469578 2.214665490267054 0.31532059988856403 0.31532059988856403 0.46433515456627517 0.6397533143181781 0.8835079819052302 1.2644920808420266 2.214665490267054
50 450 1.1275987189141128 2.0963260427211594 0.30750801602955985 0.30750801602955985 0.4517873829551592 0.643086078200849 0.8597586368574606 1.2787938045092437 2.0963260427211594
51 459 1.1198069542340008 2.1220512342230764 0.3203732657398108 0.3203732657398108 0.45038765349320886 0.6153203278069359 0.8407116503412715 1.2798405113918396 2.1220512342230764
52 468 1.0783952021055003 2.1342661823201716 0.3447853297836089 0.3447853297836089 0.4902306967784589 0.5474069316789917 0.8632638612315173 1.2575796031556172 2.1342661823201716
53 477 1.1917359321942032 2.0842249847018866 0.34531592485084855 0.34531592485084855 0.46112174832797787 0.5553868966761449 0.8571807395367947 1.2480951302350858 2.0842249847018866
54 486 1.3204937013433706 2.0962522461975346 0.3354031913823937 0.3354031913823937 0.4352933896849256 0.5366846469060104 1.0118922634140988 1.2026722228723412 2.0962522461975346
55 495 1.190588907330973 2.242713441126833 0.3105694638894186 0.3105694638894186 0.41991783534776267 0.5025031669625991 1.0262017360112754 1.3444356502039112 2.242713441126833
56 504 1.2901070716698169 2.221530194050426 0.2985957601313709 0.2985957601313709 0.3969281261194519 0.5025360652984362 1.002171397860466 1.3596619593492822 2.221530194050426
57 513 1.4374510307609674 2.4176963691522624 0.2566752771474938 0.2566752771474938 0.3899273064532768 0.5400080885391931 0.9918156768825958 1.4421063065618869 2.4176963691522624
58 522 1.395591228426994 2.386226212754978 0.25794164240157275 0.25794164240157275 0.39344848761180773 0.5029579791112441 1.0293833401749701 1.4884117754946826 2.386226212754978
59 531 1.455661741437005 2.299229094322054 0.24907478301542943 0.24907478301542943 0.3922935637974129 0.5002747072290332 1.0152957833997849 1.5184779285310794 2.299229094322054
60 540 1.5805446416613207 2.248863963350588 0.254135845341898 0.254135845341898 0.37855410236750453 0.5100958189765857 1.0201481238554724 1.468664794715153 2.248863963350588
61 549 1.5124357962921933 2.23447476685042 0.24856545399850166 0.24856545399850166 0.389378114390769 0.5038604704734468 1.015242625584336 1.4754835272676896 2.23447476685042
62 558 1.6351131837140926 2.149359222422404 0.24643240480045606 0.24643240480045606 0.3700289785111282 0.5045703134429388 1.0274959140836286 1.5355169714071606 2.149359222422404
63 567 1.75321544899962 2.1316110015861742 0.2581924679291761 0.2581924679291761 0.36619342107455266 0.5032759670823773 1.0422954533041722 1.5649240999191185 2.1316110015861742
64 576 1.7079858881808756 2.0981477465090603 0.2557239308487303 0.2557239308487303 0.34782116935670326 0.5203567847225676 1.0227381320554967 1.5520310901921284 2.0981477465090603
65 585 1.6926195860215354 2.16245206930141 0.2515522380330165 0.2515522380330165 0.32338617315722595 0.5142634598661526 1.064867180102428 1.561900046244317 2.16245206930141
66 594 1.5307684239621608 2.1579605421611627 0.2382595523706824 0.2382595523706824 0.31416621368306125 0.5138764533116236 1.0582295804319066 1.6230496242990882 2.1579605421611627
67 603 1.8936592539265353 2.0900850566968945 0.2312459017951402 0.2312459017951402 0.310868373633444 0.5293688162371817 1.0325246180163674 1.596402298356833 2.0900850566968945
68 612 2.083484794219349 2.093711572533667 0.22507691149623238 0.22507691149623238 0.30774981576622606 0.5435901944294792 0.9726064092039646 1.8452448077510095 2.093711572533667
69 621 2.409130288558976 1.9883565970828982 0.22791010253159663 0.22791010253159663 0.3149658185251692 0.5511326145072443 1.012294141379797 1.6758850046897673 1.9883565970828982
70 630 2.732838773700403 1.94987034126222 0.23238820200885738 0.23238820200885738 0.30916191692505324 0.655961807979257 0.9469293085828585 1.620402012716353 1.94987034126222
71 639 2.983017133572332 2.056964356112889 0.22058030349530225 0.22058030349530225 0.31722777099399696 0.6363810388566428 1.014895248901127 1.5299761092929893 2.056964356112889
72 648 3.451864080641983 2.1001500201756587 0.23796269413780866 0.23796269413780866 0.3003420896154636 0.6210265315462788 0.9966536583919757 1.4979677949817598 2.1001500201756587
73 657 3.0949209693825175 2.189311078268409 0.258357653934034 0.258357653934034 0.27750225005930845 0.6142185132916952 0.9837812436958799 1.5099784560941527 2.189311078268409
74 666 2.9512864662507288 2.1910283253884666 0.2578457461680491 0.2578457461680491 0.27370665220038126 0.5857967442944478 0.9437907224776506 1.556051609630765 2.1910283253884666
75 675 2.8564886962402234 2.1239106551818 0.24442267466598766 0.24442267466598766 0.27238195297796863 0.5580369570792675 0.9199266509838404 1.6352757836313783 2.1239106551818
76 684 2.4214828399159427 2.058382393003011 0.25022426617242294 0.25022426617242294 0.2856185229697465 0.5199079801160588 0.8804788037260987 1.609792657629849 2.058382393003011
77 693 2.0783322332832865 2.048001153645655 0.2500714288347227 0.2500714288347227 0.28490913454564126 0.49110424999973656 0.9011459638558221 1.495075666427058 2.048001153645655
78 702 1.9949885085412233 1.9169717128994808 0.23715374044944468 0.23715374044944468 0.27396894838662206 0.49763896504763605 0.8988706966167994 1.4974107549209166 1.9169717128994808
79 711 2.049248203700377 1.9022375209348619 0.24410281972775075 0.24410281972775075 0.2735459799310436 0.487987799751509 0.8655089947953414 1.474242090509801 1.9022375209348619
80 720 2.0398007925425965 1.9453768286058448 0.23518594130737325 0.23518594130737325 0.2902983722078377 0.4606869360779901 0.8831610836177448 1.4890895627287988 1.9453768286058448
81 729 1.9813761757284003 1.9702552786559404 0.23067019556800747 0.23067019556800747 0.29397218863781466 0.46828068810655843 0.8950707677457671 1.3875101606837537 1.9702552786559404
82 738 1.9592911601343344 1.9008646744275026 0.24604558019737133 0.24604558019737133 0.2840169761329708 0.4492879071591145 0.9260949411731283 1.3517662872035854 1.9008646744275026
83 747 1.9102951946570554 1.8577534408184657 0.22594281917119485 0.22594281917119485 0.2809679652249523 0.43374686935947543 0.9855042860267642 1.3804060938835594 1.8577534408184657
84 756 1.96504276879252 1.8672729989591756 0.21544272359158234 0.21544272359158234 0.3126471625318116 0.42457037680387577 0.9871028158329267 1.339586841202678 1.8672729989591756
85 765 2.1212300902758994 1.9084803026449206 0.2063021399435017 0.2063021399435017 0.3154176883249577 0.4461799739603194 0.9804612725644289 1.3425289181181266 1.9084803026449206
86 774 2.1444853717677668 1.9281352493420747 0.2216909803479792 0.2216909803479792 0.29499641396898035 0.4491320668965963 0.9491756853813529 1.3619482568385155 1.9281352493420747
87 783 2.112532762405555 1.905133212694817 0.22123896557931041 0.22123896557931041 0.2677594718996772 0.4623338599886054 0.9565664222497661 1.322238791291334 1.905133212694817
88 792 2.013637218079803 1.9056791624736185 0.20987032333959546 0.20987032333959546 0.2710051397046773 0.4841134704424365 0.9360012995199744 1.3135336749635345 1.9056791624736185
89 801 2.1800901944091073 1.8941686303462526 0.2009186170049742 0.2009186170049742 0.2702767786847406 0.4740674477305102 0.9121971827961279 1.337689598477134 1.8941686303462526
90 810 2.113315205858717 1.960507574967221 0.19454832592289237 0.19454832592289237 0.26473311149604856 0.4756116505206982 0.9404811105526877 1.4444868484621758 1.960507574967221
91 819 2.21647394354918 2.0368723082079154 0.1960330022473128 0.1960330022473128 0.26873233696493987 0.46155628254028996 0.8985120966031651 1.3460663323093425 2.0368723082079154
92 828 2.3524874780296217 1.9838495806151113 0.18279958874144495 0.18279958874144495 0.30521980360012835 0.4588626414376693 0.8679673104123601 1.3378363634311314 1.9838495806151113
93 837 3.0802153828586154 1.9782878305971783 0.18291872820072164 0.18291872820072164 0.3268470297172591 0.4423030496081031 0.845713845338249 1.3097956446115209 1.9782878305971783
94 846 3.452752142732671 1.8460397734964253 0.1803246124484114 0.1803246124484114 0.3581129145421725 0.4516607136813254 0.8492701105135679 1.299243404862113 1.8460397734964253
95 855 4.269429545888942 1.8581768632914468 0.18003541485673666 0.18003541485673666 0.35961821995596377 0.4481931343806396 0.8391523222692204 1.1803590907894201 1.8581768632914468
96 864 4.599625696112227 1.92720663694172 0.17453373069826686 0.17453373069826686 0.34569664899700103 0.45475131479832825 0.8423679800916083 1.194862700301655 1.92720663694172
97 873 5.72763880100342 1.9257970321127809 0.1717374134636393 0.1717374134636393 0.34130808559425746 0.44025967108541364 0.8171150569984639 1.1827477044379018 1.9257970321127809
98 882 5.646336621744822 1.9355087625764331 0.17401712237792352 0.17401712237792352 0.3354736973139436 0.4129148822419081 0.8541865760483788 1.1607714176465256 1.9355087625764331
99 891 6.049543445253967 1.8723335347568362 0.17263680603290524 0.17263680603290524 0.3412470854244632 0.40328289396769756 0.8773205352451351 1.110734379224251 1.8723335347568362
100 900 6.3732213039579175 1.9904208155200387 0.16344943907322237 0.16344943907322237 0.3432446090270794 0.38045705494791254 0.943924550394012 1.074965464640482 1.9904208155200387
101 909 6.1383083796167295 1.874011687533027 0.1640426862907664 0.1640426862907664 0.36284412119158727 0.38324653879751003 0.9218694246095578 1.044035897001112 1.874011687533027
102 918 6.871515176051789 1.7261973784093438 0.16333344560470187 0.16333344560470187 0.3708559004244145 0.37707692761602013 0.8582844164756049 1.0692625013640777 1.7261973784093438
103 927 6.740699336114193 2.024123884309255 0.1592224029798951 0.1592224029798951 0.35961928873857746 0.3783074926399667 0.8769574241630228 1.0929758436686878 2.024123884309255
104 936 6.739832908878367 1.9164009157518527 0.15244883527922817 0.15244883527922817 0.3635905794315301 0.3783118537758465 0.9080522691154677 1.0715212459546253 1.9164009157518527
105 945 6.265904580072017 1.8239125038007977 0.1588833502535653 0.1588833502535653 0.3466242338250639 0.39348299137924847 0.907091670448154 1.0422184674505355 1.8239125038007977
106 954 6.119601746150275 1.7938055621619355 0.15847366962360102 0.15847366962360102 0.339801845901097 0.3761394066197616 0.8947613009930986 1.0344700996921503 1.7938055621619355
107 963 6.004962675586796 1.8310549701736378 0.15081120867239722 0.15081120867239722 0.33055184825232936 0.3537745869476104 0.9457857052806833 0.9981120760517105 1.8310549701736378
108 972 6.462965161440352 1.8231887798062438 0.14822780116797366 0.14822780116797366 0.30919985473472283 0.33080609903547004 0.9465475808289036 1.0366963868370056 1.8231887798062438
109 981 7.9531528652572385 1.7842217007324117 0.14497661931826186 0.14497661931826186 0.30439055867220977 0.3469054789672654 0.918497551566252 1.0711461335981676 1.7842217007324117
110 990 9.481923072811998 1.7491298693326922 0.14788813455034253 0.14788813455034253 0.30498756657058906 0.36859694187171743 0.9018636289754897 1.1245690726699726 1.7491298693326922
111 999 10.234558252850386 1.6873119472934013 0.14541156242274036 0.14541156242274036 0.2936351810613914 0.3801320996454999 0.8599655271558527 1.1222595275169616 1.6873119472934013
112 1008 9.18312356589885 1.6644382670162012 0.1480255801843245 0.1480255801843245 0.2858388940400682 0.3634960102387423 0.845140696881017 1.1268223675167823 1.6644382670162012
113 1017 9.124820032908202 1.524839016376378 0.14993236388755102 0.14993236388755102 0.2844341367636165 0.35046263296019786 0.841096588448803 1.1668157369821655 1.524839016376378
114 1026 8.927772680065122 1.431770847970495 0.14729020750478497 0.14729020750478497 0.27846022062636483 0.34678619401024957 0.8961923284460356 1.1056208941257828 1.431770847970495
115 1035 7.631498776078551 1.5057102454509053 0.14318470891720766 0.14318470891720766 0.27031407272487973 0.36224604750482814 0.8966983266364339 1.0239282952488553 1.5057102454509053
116 1044 7.204975145591208 1.522698819277932 0.13130211142630085 0.13130211142630085 0.26368986809147466 0.36520195441317627 0.8877916448253848 1.0004133235214818 1.522698819277932
117 1053 6.5203723638766595 1.4724986641901454 0.13568155556103037 0.13568155556103037 0.25952363120687066 0.3646913385685059 0.8801287837460839 0.9641690011442396 1.4724986641901454
118 1062 6.353500415179172 1.454109110692989 0.13624305816278534 0.13624305816278534 0.25785007350522965 0.37314051693030104 0.8157900647013946 0.9614486403473238 1.454109110692989
119 1071 7.223896383683422 1.4222787429864643 0.1345741500929458 0.1345741500929458 0.24720355432496907 0.40672500426292785 0.8309584420058116 0.9688543119366592 1.4222787429864643
120 1080 8.492669679841391 1.3242478219668319 0.15408721068545403 0.15408721068545403 0.2578011754186738 0.3712487321351114 0.8246191348228633 1.0211246736271322 1.3242478219668319
121 1089 9.17518707697605 1.265179780189865 0.15387065300185795 0.15387065300185795 0.25734606795345133 0.3643722267116354 0.7656495723038245 1.2175809994104823 1.265179780189865
122 1098 10.654458045351733 1.3431271823573099 0.15085564701642115 0.15085564701642115 0.24190636356973047 0.3458068863739511 0.7430468819610296 1.2560816194878408 1.3431271823573099
123 1107 12.531487276196678 1.4891768767908593 0.14604072315249925 0.14604072315249925 0.2602338702209075 0.35215583225108643 0.7099058700156851 1.281031823088534 1.4891768767908593
124 1116 14.027530904450408 1.6169340551888711 0.1498677473165577 0.1498677473165577 0.24193237871577997 0.374095001128363 0.6815254908823709 1.276172165003131 1.6169340551888711
125 1125 14.46635949086348 1.662145023266396 0.16985263754709928 0.16985263754709928 0.24101922388427874 0.32464761596530994 0.7005525700728732 1.2280347047997033 1.662145023266396
126 1134 13.689460833345482 1.6516160032130307 0.16836637525548073 0.16836637525548073 0.2308192106191737 0.31082343073479235 0.6957183658785712 1.246079187406321 1.6516160032130307
127 1143 16.168980671410125 1.6228603627423406 0.16212234322350635 0.16212234322350635 0.22912742033391778 0.29667885340811423 0.6867673850012859 1.3165237488125414 1.6228603627423406
128 1152 16.528231372935103 1.587891163074692 0.16460914407757832 0.16460914407757832 0.2365241554282455 0.30166437767644877 0.7339314052197874 1.3426008355346752 1.587891163074692
129 1161 18.019491300676407 1.544253565328023 0.16357210761204513 0.16357210761204513 0.22674252245821527 0.3177616782134502 0.706919855005666 1.339251077801973 1.544253565328023
130 1170 17.89721847875181 1.5683040737303013 0.17646453683782803 0.17646453683782803 0.22498864025135196 0.32584232422941145 0.6454610513784118 1.3246182577576402 1.5683040737303013
131 1179 20.887800753052236 1.5599460344875824 0.17999820856523208 0.17999820856523208 0.2208872905850124 0.3303587252059631 0.6267178226452518 1.285299967129388 1.5599460344875824
132 1188 21.831360233313845 1.5962944947752238 0.1822861868397226 0.1822861868397226 0.2364816574443522 0.3516790241659386 0.5957036084379684 1.2505427711419574 1.5962944947752238
133 1197 19.334194292145078 1.582043074307351 0.17464199602563746 0.17464199602563746 0.2427511515996997 0.3429583112892644 0.577828972660697 1.2282000913182916 1.582043074307351
134 1206 19.10412881393416 1.507329011978957 0.16928165848641846 0.16928165848641846 0.24188024077885636 0.3196886906843892 0.5767864454177912 1.211216550542139 1.507329011978957
135 1215 19.736188855152154 1.5365634279242684 0.17183324362817945 0.17183324362817945 0.23186450795872582 0.3165135815029834 0.5734056026288036 1.1344601189447727 1.5365634279242684
136 1224 18.58661743288305 1.6427792964699766 0.16948359982913855 0.16948359982913855 0.22728162429904736 0.30617413422017165 0.5672744297925252 1.1435744084100177 1.6427792964699766
137 1233 19.8456960887013 1.6704823723506406 0.17345407435214558 0.17345407435214558 0.21206258017310842 0.3044449146910583 0.5533410609567723 1.1435449761451002 1.6704823723506406
138 1242 21.240326214159463 1.662098132855217 0.17917773850377836 0.17917773850377836 0.21058533912689167 0.31215915192303867 0.509790038941969 1.1450630591506754 1.662098132855217
139 1251 22.925565246126485 1.6674305107580367 0.18480864533700905 0.18480864533700905 0.19646173948107803 0.3087556606270185 0.4990332957234126 1.1294345633176466 1.6674305107580367
140 1260 23.19896613170307 1.7366710198536748 0.18794158488418491 0.18794158488418491 0.19511422423063746 0.29584921300117517 0.49484035550305644 1.130545278940453 1.7366710198536748
141 1269 22.13686762269334 1.717617082312952 0.18879421342150216 0.18879421342150216 0.19336886307614048 0.30020441269552983 0.513463204393603 1.0342449582786486 1.717617082312952
142 1278 22.20613206288488 1.7263482141253073 0.18189869021058555 0.18189869021058555 0.18608711552952556 0.3039368003398895 0.4991283733867124 1.017903872464204 1.7263482141253073
143 1287 19.895244400969656 1.731572406691885 0.17393579979303123 0.17393579979303123 0.19062563161814902 0.3021447079685179 0.4977020409643222 0.9736487508422079 1.731572406691885
144 1296 17.843826476349136 1.6515721186615346 0.17139833480812092 0.17139833480812092 0.19125651321369286 0.2835687013614076 0.49078117881420813 0.9454941370299793 1.6515721186615346
145 1305 18.375257626604693 1.6026674549853082 0.17117149529266543 0.17117149529266543 0.18462642818469807 0.29211624856084295 0.4746215708559467 0.9342847960802741 1.6026674549853082
146 1314 20.289046384446067 1.5932597063420184 0.15806717273177404 0.15806717273177404 0.19099318296621184 0.2838576237617548 0.4921576879693337 0.9431399868165118 1.5932597063420184
147 1323 21.308917829396176 1.582327335692733 0.16104813560148631 0.16104813560148631 0.18173436964975045 0.2873900522476178 0.526957976311288 0.9548161222519177 1.582327335692733
148 1332 19.003996142328884 1.544876149446534 0.15049893351230495 0.15049893351230495 0.19559219254339122 0.3083796683334651 0.5412371452343541 0.931269683612706 1.544876149446534
149 1341 19.95956103492419 1.5889536333138938 0.14729761272417372 0.14729761272417372 0.1900610965567417 0.3085560363550259 0.5385507389798244 0.8711075867363749 1.5889536333138938
150 1350 19.601876202110173 1.5076715849853204 0.1467638331764722 0.1467638331764722 0.18082705164967963 0.3083994490648513 0.5372025611377311 0.9787507624616861 1.5076715849853204
151 1359 20.506010382680117 1.478469859630056 0.14658986483119263 0.14658986483119263 0.16343025100453412 0.29737764361954855 0.5937172753765266 1.0029166773520346 1.478469859630056
152 1368 19.468749036909447 1.4680004337634598 0.14809555714574346 0.14809555714574346 0.15431450181390638 0.2853508400011762 0.5950157027343852 1.003335241374584 1.4680004337634598
153 1377 20.321273823396993 1.4776205272022847 0.13402446272342486 0.13402446272342486 0.159507794468619 0.28067635838166927 0.6088686914506668 0.981657141314343 1.4776205272022847
154 1386 22.71390622832664 1.514499662610672 0.14155677783700008 0.14155677783700008 0.15616420074443849 0.2703483755485729 0.584000883108951 0.9625205730740546 1.514499662610672
155 1395 23.38676138147972 1.5050022204417368 0.1305750056890741 0.1305750056890741 0.15543901416968783 0.2686452515091622 0.6898175857987404 0.9945282461280606 1.5050022204417368
156 1404 24.23985862270966 1.5295257843273407 0.13187362704517788 0.13187362704517788 0.15425358812038253 0.25806790477974 0.7043036998169029 0.934850088476169 1.5295257843273407
157 1413 27.316697894585538 1.5069974058292293 0.13311869139740537 0.13311869139740537 0.1474144490320928 0.2498680298854985 0.712020763744655 0.9412753938164247 1.5069974058292293
158 1422 29.293172852166965 1.4872041567479604 0.12882055590649993 0.12882055590649993 0.14251244545658642 0.2502790813747994 0.7283152952747985 0.9632955680410868 1.4872041567479604
159 1431 27.81159803755728 1.5703167032704497 0.12347709931385667 0.12347709931385667 0.1357136345452202 0.23488760381779383 0.7279402027424838 1.043752132477307 1.5703167032704497
160 1440 26.365723188116952 1.573527949542833 0.11473007032305436 0.11473007032305436 0.1319987934280624 0.23324393543505373 0.6984048483543547 1.0551897469265066 1.573527949542833
161 1449 23.307146324391532 1.6409039259090386 0.11300510483077655 0.11300510483077655 0.12124501594202575 0.22898167930535568 0.7007474591620029 1.0486685807469551 1.6409039259090386
162 1458 25.473078825038243 1.5774503836302267 0.10935747302119063 0.10935747302119063 0.12214360104889219 0.21773204162793208 0.7292890402201775 1.0080826964584668 1.5774503836302267
163 1467 26.614206924585336 1.7745911913042114 0.09959222985690007 0.09959222985690007 0.1162376216304033 0.23344703457734625 0.8454090189279697 1.0240865705210531 1.7745911913042114
164 1476 22.66667242406619 1.7488808779391076 0.09378594196460854 0.09378594196460854 0.11497834211193929 0.2340907713938007 0.8284589288208954 1.0607475389857208 1.7488808779391076
165 1485 20.309851533277364 1.6983410773771617 0.08927455548416167 0.08927455548416167 0.11169662282108381 0.22507305496865357 0.804963327769396 1.0472637147054271 1.6983410773771617
166 1494 21.046697133704942 1.7056829593165106 0.08743590971133224 0.08743590971133224 0.10897477100588826 0.21869117318389406 0.8156356590516567 1.0835290378726108 1.7056829593165106
167 1503 21.81130693794623 1.654551320416339 0.09178711264924866 0.09178711264924866 0.10329946726531948 0.21772219558890393 0.8318436276821766 1.129829840685113 1.654551320416339
168 1512 22.293017700512095 1.5834425305250888 0.0912043083436259 0.0912043083436259 0.10232554228572716 0.22507267447959725 0.8080880346669251 1.163651073968226 1.5834425305250888
169 1521 22.086176144716433 1.635178234996437 0.08922999113162154 0.08922999113162154 0.1031221793476422 0.2283413470779494 0.8153863177518089 1.134659335896609 1.635178234996437
170 1530 20.493579913267972 1.6428310815948006 0.08601461980302899 0.08601461980302899 0.102201991454134 0.22783749290604796 0.844898267609228 1.0962946190135558 1.6428310815948006
171 1539 19.48619201633768 1.6919522905011888 0.08522848721146811 0.08522848721146811 0.09878652895392977 0.21580703289881642 0.8149663947082909 1.1160997247859932 1.6919522905011888
172 1548 18.439750571718015 1.6198175798915073 0.08177207542667038 0.08177207542667038 0.1018209238975029 0.22162623283631766 0.8013398942623962 1.113757279589841 1.6198175798915073
173 1557 19.024505643125895 1.6307090027202318 0.0761646719381349 0.0761646719381349 0.10173051162762636 0.21920236544485422 0.7855177853977313 1.098616412496865 1.6307090027202318
174 1566 18.304147007417807 1.7228557361626762 0.07064737110813758 0.07064737110813758 0.10122478412335718 0.2185729518933642 0.7818976289161075 1.0858688726020598 1.7228557361626762
175 1575 16.587704018888502 1.7722701873350044 0.07064631625254439 0.07064631625254439 0.09953188792215537 0.21489724000059662 0.7674095079297253 1.0312253520596955 1.7722701873350044
176 1584 15.448856422763196 1.680893053618836 0.07038798968517698 0.07038798968517698 0.09670003964443906 0.2124459275858998 0.7455022457254552 1.0781372022650757 1.680893053618836
177 1593 14.599223014095898 1.6032589970383324 0.07051300649042588 0.07051300649042588 0.09522002218763179 0.20950079141034683 0.7206428696602887 1.0591313912185791 1.6032589970383324
178 1602 13.41410860528042 1.6282349709152133 0.066631349696808 0.066631349696808 0.09508574869757697 0.20861078782979403 0.7318870964323112 0.985499213684802 1.6282349709152133
179 1611 12.009505046895134 1.401734463562228 0.06558117115482484 0.06558117115482484 0.09374449385264388 0.22731565945345228 0.7201322337468434 0.981556092206813 1.401734463562228
180 1620 12.38185514211638 1.385057638859723 0.06324092091833709 0.06324092091833709 0.09133123695803834 0.22747562334316407 0.7148973930214252 0.9853575053351141 1.385057638859723
181 1629 14.065740924429669 1.4030431610609815 0.060637293152931135 0.060637293152931135 0.09045624628557374 0.223764439350839 0.7877742546115041 0.9431020987996777 1.4030431610609815
182 1638 18.07775865094834 1.3889235883533877 0.06001418561986061 0.06001418561986061 0.089421611776147 0.23194567805319452 0.8179997322448953 0.9715053762037769 1.3889235883533877
183 1647 19.983174845093046 1.3595709313312332 0.058568221217541905 0.058568221217541905 0.0912105700840906 0.2358656480797495 0.870962464888273 0.9791744077775523 1.3595709313312332
184 1656 21.135030796143646 1.363397109500955 0.05809711584203614 0.05809711584203614 0.08856810182860046 0.22618888054410574 0.8636969556087967 0.9774569009653774 1.363397109500955
185 1665 23.34711627666289 1.2555776934765914 0.057540727520740284 0.057540727520740284 0.08529544551959463 0.23222812887279418 0.9069091300639304 0.9558448018952695 1.2555776934765914
186 1674 22.357762596025072 1.3804530571006655 0.054486309066531485 0.054486309066531485 0.08845134014446009 0.22328406523151179 0.8792764015984165 0.9493560303442669 1.3804530571006655
187 1683 21.16726939212353 1.3753627895217608 0.0538816216292722 0.0538816216292722 0.085304610968433 0.22663356666877865 0.8387319807398503 0.9060145773367401 1.3753627895217608
188 1692 22.258485526831677 1.3145074840073758 0.05558577192560703 0.05558577192560703 0.08249165282335667 0.2567066062973092 0.8126211655940221 0.8532785598907994 1.3145074840073758
189 1701 22.16242224721051 1.2030825347515945 0.056123012725705454 0.056123012725705454 0.08134742475439763 0.2660124157438437 0.7719416033637223 0.9049680490975504 1.2030825347515945
190 1710 22.484392096502955 1.1728903889519129 0.05343918651796633 0.05343918651796633 0.08072148437953704 0.2763106876739865 0.7412961182831653 0.9045341224266896 1.1728903889519129
191 1719 24.201658257696202 1.205387834570103 0.049089766818850224 0.049089766818850224 0.07953100473344997 0.2759535466451337 0.7291550987856021 0.9850088225279523 1.205387834570103
192 1728 20.921115900779796 1.1469951364505668 0.04989661855813548 0.04989661855813548 0.08227983917762015 0.26703421737186306 0.6889495387878678 1.0348800385078831 1.1469951364505668
193 1737 23.091479099118494 1.1544197323759542 0.051501392051892414 0.051501392051892414 0.0805962596701923 0.2598036160655942 0.6450353125675857 1.020353750316781 1.1544197323759542
194 1746 26.39366477377747 1.2014847731926126 0.053361748380538636 0.053361748380538636 0.08208195017587332 0.24718315132539245 0.6469702586125999 1.017501241628135 1.2014847731926126
195 1755 30.360296313771595 1.317557175067707 0.05217212487183213 0.05217212487183213 0.08001796666692328 0.24068651625478116 0.6279398673804867 1.0407819622459216 1.317557175067707
196 1764 30.94450225825617 1.4326240344464862 0.051625411673929755 0.051625411673929755 0.08105361298939381 0.23720148467743768 0.6250236614396685 1.0335722652228143 1.4326240344464862
197 1773 28.79062988434289 1.4134454654091004 0.05146420348560322 0.05146420348560322 0.0771059763301547 0.24458429076433214 0.6667443473988723 0.9760543936293558 1.4134454654091004
198 1782 31.043084574112598 1.3176437411113615 0.05284186203060502 0.05284186203060502 0.07802681572887414 0.22855146345227387 0.6887071969157007 0.9761603181725166 1.3176437411113615
199 1791 34.719253877537255 1.2515696598071606 0.05569111307126711 0.05569111307126711 0.07670790939851171 0.2308464806932932 0.6993567619696761 0.975042908690748 1.2515696598071606
200 1800 39.13857340329881 1.1854721066358296 0.056204671223637426 0.056204671223637426 0.07777891847378611 0.2407414083191562 0.7271146568286142 0.9245614529380122 1.1854721066358296
201 1809 48.87224010080085 1.2019753518893344 0.055913294044717114 0.055913294044717114 0.08030741505476816 0.23202273698373713 0.7330088843569014 0.9313283420922132 1.2019753518893344
202 1818 51.37276219674272 1.2486798701572577 0.05456430947367173 0.05456430947367173 0.08119912664674055 0.23312027859807757 0.7136556981051002 0.9297009285183265 1.2486798701572577
203 1827 49.324300641878175 1.2460619798909116 0.05459307871745864 0.05459307871745864 0.07954005935905542 0.23180195410638832 0.6785731063775207 0.9057878216848174 1.2460619798909116
204 1836 45.85373794726682 1.2038404084647505 0.056987297947800296 0.056987297947800296 0.07844485182942942 0.22048459418634855 0.6693051562217419 0.9227292431834063 1.2038404084647505
205 1845 52.28162492589364 1.1840760648101682 0.05686851822209238 0.05686851822209238 0.07871497724602508 0.222583548185473 0.6054830059208175 0.9427893870527034 1.1840760648101682
206 1854 61.57644035349638 1.2663674247196892 0.05737527538880579 0.05737527538880579 0.08548459480576794 0.2224672804281264 0.5518155581733277 0.9252919902729795 1.2663674247196892
207 1863 67.05372116762652 1.2692253450511939 0.05839261497348033 0.05839261497348033 0.09042848443456337 0.2222894340422554 0.5543624156923007 0.8778505626743291 1.2692253450511939
208 1872 71.51501173667023 1.298973737431215 0.05786982930217301 0.05786982930217301 0.09416228510617171 0.2115299003208917 0.5335034581542181 0.8594129968179252 1.298973737431215
209 1881 68.16457379889721 1.3138327363922757 0.054578537804176964 0.054578537804176964 0.09488339636831332 0.20854842312912555 0.5225074953853462 0.8982109965198324 1.3138327363922757
210 1890 64.34614184184105 1.266546296133137 0.052721945828557715 0.052721945828557715 0.0930283642872379 0.20798787431489316 0.5187063240255404 0.8942428504304718 1.266546296133137
211 1899 55.6448793532022 1.3109795017083952 0.049878556098275864 0.049878556098275864 0.09307246705868683 0.2038427164189803 0.5061618695411344 0.9304079131754904 1.3109795017083952
212 1908 52.16075641106042 1.2917232650687145 0.04899836063490718 0.04899836063490718 0.09054204150666971 0.20269062554766898 0.48876997992681853 0.8981584949838175 1.2917232650687145
213 1917 51.41201402019518 1.2794450146528682 0.05043370633781692 0.05043370633781692 0.08962359727690122 0.20273582554484323 0.43396068855522346 0.9075456282958576 1.2794450146528682
214 1926 51.008777553142366 1.2808640008884389 0.05191028459142494 0.05191028459142494 0.0878544785643815 0.19735973891188371 0.41407107517594105 0.8989024827187955 1.2808640008884389
215 1935 43.298525888456425 1.245010887781966 0.05158401668264457 0.05158401668264457 0.08727072576990347 0.19443308900115824 0.4033795815360159 0.9179041538556174 1.245010887781966
216 1944 46.59627743788512 1.243262058580921 0.04982802739185116 0.04982802739185116 0.08502359903444075 0.1919339569614946 0.37403008597774634 0.8879141880921757 1.243262058580921
217 1953 46.903192052559106 1.2127907932797546 0.051730018255281465 0.051730018255281465 0.08869369006566931 0.20111612357639078 0.35287378154085086 0.9414759354458809 1.2127907932797546
218 1962 48.960317930381535 1.3570497248582662 0.048069696964422225 0.048069696964422225 0.09085300935159585 0.1966500400684259 0.3305444712243834 0.9345967167523058 1.3570497248582662
219 1971 45.462677263941025 1.3430959655994048 0.048329001812079934 0.048329001812079934 0.09071537968468651 0.1940195584857077 0.3128608709040562 0.9484653473975723 1.3430959655994048
220 1980 43.471291938516345 1.31775187613442 0.04693717419823787 0.04693717419823787 0.08708842641505171 0.19422839173648854 0.3135557384927828 0.9418136204340969 1.31775187613442
221 1989 42.63197818325278 1.3053399293206416 0.043976737822890695 0.043976737822890695 0.08402699948092282 0.19645129511192114 0.31155833584703124 0.9775546109173061 1.3053399293206416
222 1998 50.52402644470567 1.3611885944609006 0.04243192784191146 0.04243192784191146 0.0824320706770448 0.19528502456577126 0.29327785149301056 0.9722199980156785 1.3611885944609006
223 2007 52.755763022989775 1.3293605299184463 0.03830208718322556 0.03830208718322556 0.08943193022149373 0.20085122064738567 0.3127611304494708 1.0070148104706547 1.3293605299184463
224 2016 51.45177151686468 1.3616337635128497 0.03745152723683458 0.03745152723683458 0.079208133206112 0.20297879243571537 0.3123142343613677 1.0401887876475526 1.3616337635128497
225 2025 55.77485538475674 1.3268753890414335 0.036390289920506455 0.036390289920506455 0.07928950724398677 0.19225270363234903 0.2987931035988167 1.0413342375839159 1.3268753890414335
226 2034 55.7290263706588 1.3140679629658085 0.03841788739247824 0.03841788739247824 0.07860712187861973 0.18643460110995394 0.29039722236390075 1.056260088119739 1.3140679629658085
227 2043 52.710917615087055 1.3392601325283335 0.03891289717127629 0.03891289717127629 0.07549075857487506 0.18326115177771346 0.2854343692345731 1.0493789833154097 1.3392601325283335
228 2052 48.20917846255972 1.3407946900797882 0.03774278214221066 0.03774278214221066 0.07341101941776987 0.18710387983402205 0.28071850697570766 0.9759081816127461 1.3407946900797882
229 2061 52.598296445519054 1.3223782237720425 0.03696405790436495 0.03696405790436495 0.06673528288027612 0.185455519445274 0.2717893612293008 0.9454255609188005 1.3223782237720425
230 2070 50.56291052865985 1.3357931172268311 0.03595098663277641 0.03595098663277641 0.06749539897888937 0.1899609888393206 0.25999600497256875 1.0096782171059244 1.3357931172268311
231 2079 53.5425750609439 1.3571395229228738 0.03550364795673601 0.03550364795673601 0.0644122725823419 0.18627520271856074 0.25557631898388616 0.9508149325420866 1.3571395229228738
232 2088 59.26282511835335 1.5058131580937173 0.03596889059123727 0.03596889059123727 0.06423670486913076 0.1708520763433308 0.2560124955795501 0.9277411183975662 1.5058131580937173
233 2097 65.40673954444834 1.5747159884694748 0.03566610412108143 0.03566610412108143 0.06025682058382306 0.17853005247982515 0.26951240000002 0.8939808220572808 1.5747159884694748
234 2106 66.28736509119993 1.6238928915003235 0.03415536738645907 0.03415536738645907 0.06063838102079316 0.1756090139571586 0.2711645184583556 0.9128701330787617 1.6238928915003235
235 2115 66.90803239269961 1.5884924170502612 0.03450441234670327 0.03450441234670327 0.06041275895517311 0.1648940999266615 0.2692630905563478 0.9106469907152973 1.5884924170502612
236 2124 73.49843992707476 1.6407032796384462 0.0346679905285792 0.0346679905285792 0.06054052628133256 0.16764645471245504 0.25255702884522874 0.9016611749163979 1.6407032796384462
237 2133 70.76562419587192 1.623938673292702 0.034316820905983245 0.034316820905983245 0.062305054613457124 0.1696270783967451 0.25635727460520735 0.8949550216313084 1.623938673292702
238 2142 75.62734212673026 1.6712079474817503 0.03487883199756197 0.03487883199756197 0.06326072921299625 0.15896938284718812 0.23696516311334492 0.9052814711961903 1.6712079474817503
239 2151 76.88053719766883 1.8122964806816826 0.03429612126422934 0.03429612126422934 0.05846024603106989 0.16096357870193453 0.23255365559120506 0.9263302648934326 1.8122964806816826
240 2160 71.53145873398545 1.8663431697753146 0.03383682017943644 0.03383682017943644 0.06033209916218973 0.15376190264676626 0.23225359886716268 0.8659472097123356 1.8663431697753146
241 2169 58.76797804931652 1.925604540024216 0.032174691503210805 0.032174691503210805 0.059082790028502696 0.14782301549626028 0.22702216034911765 0.856835624814144 1.925604540024216
242 2178 55.597822331728665 1.8632343721316804 0.031686526053191263 0.031686526053191263 0.05729107199827845 0.14374769889950362 0.23476706953939652 0.8296866474974238 1.8632343721316804
243 2187 61.34531001085448 1.8387492387305373 0.028987733555854524 0.028987733555854524 0.05939617141007142 0.13952775321951935 0.23078483066833236 0.8538339442917663 1.8387492387305373
244 2196 67.73455067581455 2.000478802065957 0.027954340001808287 0.027954340001808287 0.055817366781116325 0.13682452205976212 0.2348405678548813 0.8942827973105173 2.000478802065957
245 2205 70.0724957253213 1.9802438482268558 0.027362709002234635 0.027362709002234635 0.059690196071449 0.13880448308404975 0.22005200784529771 0.8835310354511828 1.9802438482268558
246 2214 74.6903475601396 2.075462955800021 0.025434756403631867 0.025434756403631867 0.058150584398114324 0.13869568792189058 0.22009543037055837 0.8695319931680707 2.075462955800021
247 2223 88.02925906324336 2.044448497475454 0.024132107574283933 0.024132107574283933 0.05662639673266409 0.14366143218003954 0.21105657605135802 0.9735672800897792 2.044448497475454
248 2232 88.66775954716762 2.162873342942352 0.02384534526261311 0.02384534526261311 0.054420597638901134 0.1424249945528355 0.21888714067935172 1.003574888496211 2.162873342942352
249 2241 86.60403390264003 2.1154526744383784 0.024027755855525083 0.024027755855525083 0.05412286137082791 0.13805462933402352 0.22742439789972246 1.0473816474645201 2.1154526744383784
250 2250 81.93935831535397 2.1550454377493358 0.025294298334449957 0.025294298334449957 0.05263096012901864 0.1354282280437002 0.21903976929623806 0.9962902289106054 2.1550454377493358
251 2259 76.54053691208351 2.1682852563956097 0.024371575211024107 0.024371575211024107 0.05067146272908014 0.12920876016430877 0.22210163968318042 0.9827948677314435 2.1682852563956097
252 2268 71.9156531615865 2.2032600615350852 0.022939016199913495 0.022939016199913495 0.050116608377088055 0.12765543818232514 0.2119874867594312 1.002174350492866 2.2032600615350852
253 2277 70.89931660540815 2.259877368244729 0.022657235767930457 0.022657235767930457 0.04977627196740293 0.12185399554108257 0.21141434550565633 0.9428500983067322 2.259877368244729
254 2286 71.48245863226113 2.3280748409414267 0.022472712296988707 0.022472712296988707 0.0484479439380483 0.11640714533245837 0.22661286256181398 0.9320857852464582 2.3280748409414267
255 2295 61.97965978115576 2.327510916935549 0.02169993257863862 0.02169993257863862 0.048596939494400616 0.11303912069167865 0.23581853279471532 0.8652839131164143 2.327510916935549
256 2304 58.1070576308313 2.3035838752897235 0.021387753164967355 0.021387753164967355 0.046923123600911054 0.10698300348805745 0.23958387287805827 0.8836828842780349 2.3035838752897235
257 2313 51.10236971641309 2.1964895970993052 0.020918321068366857 0.020918321068366857 0.0475868982678074 0.10409431924869862 0.23045397323456093 0.904311147660008 2.1964895970993052
258 2322 46.30451250190618 2.1984716760815917 0.020895788273812263 0.020895788273812263 0.0456953355133708 0.1006286339894446 0.23257657376432914 0.8783245383705023 2.1984716760815917
259 2331 41.9159536015131 2.1841916529032264 0.021137486439581136 0.021137486439581136 0.04105620272052634 0.10306931858512441 0.23403937692732898 0.8831335770226497 2.1841916529032264
260 2340 39.04006667051556 2.1246520395420765 0.02073640880091836 0.02073640880091836 0.040285075021341266 0.10480589278492405 0.22296137266165658 0.8602856158450906 2.1246520395420765
261 2349 32.92571180225681 2.0606677426348248 0.01969105443508908 0.01969105443508908 0.04078679282275906 0.0998490193231662 0.22134616791010372 0.8503272525399239 2.0606677426348248
262 2358 31.55620799081616 2.03675600896566 0.018049338870604198 0.018049338870604198 0.039184211727598506 0.09816999664436078 0.22290414121149282 0.8447521933547645 2.03675600896566
263 2367 33.67098486632227 1.978733324905242 0.018352042887037835 0.018352042887037835 0.03949487346635186 0.09964492048641437 0.22432000835714758 0.7783639039339039 1.978733324905242
264 2376 32.69502297988323 1.9795420532916295 0.017406782120316648 0.017406782120316648 0.04085515780520046 0.09969618031484105 0.22421612025949858 0.7811495791138798 1.9795420532916295
265 2385 33.52502231638915 2.1378488912099383 0.015062178630537241 0.015062178630537241 0.03934866711883578 0.10223156048549088 0.22726344793681416 0.7870923914260259 2.1378488912099383
266 2394 36.25721086035324 2.097322674233075 0.014154780589808994 0.014154780589808994 0.03891172972364542 0.10328451786312852 0.22298176245270665 0.8232947217959045 2.097322674233075
267 2403 46.83031411164438 2.0859362094912526 0.014495299497139137 0.014495299497139137 0.03621454714058617 0.10329803343883036 0.21738625248746932 0.8849625473966088 2.0859362094912526
268 2412 57.5830487996884 2.1567907038668066 0.013893948427220967 0.013893948427220967 0.036044790536357126 0.10419010899136971 0.21488552673953004 0.9010980889632397 2.1567907038668066
269 2421 64.47542610587696 2.124861725555368 0.014461536793062538 0.014461536793062538 0.03607338810395614 0.09793824818818632 0.2132196084002513 0.8983118889831992 2.124861725555368
270 2430 74.52348661711879 2.0970012454349183 0.01399072823971958 0.01399072823971958 0.033866322255558495 0.10667810606594627 0.21129362225278214 0.9264653926290164 2.0970012454349183
271 2439 73.61157106942991 2.203044301111294 0.01376565507350586 0.01376565507350586 0.03241419859179565 0.11144543898514181 0.20408166090169305 0.8967468807448846 2.203044301111294
272 2448 68.5879382507479 2.158015255169698 0.013571855658707666 0.013571855658707666 0.02928272305673271 0.11431706159328481 0.2044767090151751 0.898031090929914 2.158015255169698
273 2457 66.30255906257842 1.959491566746957 0.013711349524511932 0.013711349524511932 0.0272225557134396 0.11519968754973164 0.2016252085877262 0.9139913933163989 1.959491566746957
274 2466 72.0878246259564 1.8424757897343516 0.01361621375709774 0.01361621375709774 0.029151170208993177 0.11523511386744409 0.19787667158929778 0.8495651842092838 1.8424757897343516
275 2475 89.36823178930717 1.8682019121284803 0.013181292136385296 0.013181292136385296 0.029249866069462793 0.11392734007886915 0.20057536607324633 0.8791779529076782 1.8682019121284803
276 2484 81.52207189238676 1.843059285582502 0.013758202685091078 0.013758202685091078 0.028640894039452046 0.12404126828099331 0.1983647250477888 0.8244584014518138 1.843059285582502
277 2493 75.38998704912338 1.8290294255493054 0.013954717901914026 0.013954717901914026 0.027842194207492166 0.11041992378483455 0.2024673178617506 0.8102763151454376 1.8290294255493054
278 2502 76.05097823116611 1.7876669868396462 0.01407596719597601 0.01407596719597601 0.026129698634590526 0.1046432517109778 0.2039668158775556 0.7709211178458437 1.7876669868396462
279 2511 71.73504460802174 1.6822477098650768 0.013818159247973652 0.013818159247973652 0.02615475115666998 0.10365095624918365 0.2126212665461162 0.7805772660880133 1.6822477098650768
280 2520 75.34734955618633 1.6127216424568558 0.013149242508987908 0.013149242508987908 0.02493280283678022 0.10653807154679329 0.20889735917977295 0.8001715532679372 1.6127216424568558
281 2529 81.39848692424911 1.605950746335325 0.014749748132843275 0.014749748132843275 0.023675719668755913 0.11286501358536243 0.1924233297692088 0.7849965315720542 1.605950746335325
282 2538 76.28562827663939 1.6663215837009444 0.014608174554290788 0.014608174554290788 0.023636021800135045 0.1172624672900111 0.18234827499269482 0.7665021090984903 1.6663215837009444
283 2547 70.22336768076745 1.7927968549515596 0.014328272584730455 0.014328272584730455 0.022490171340602546 0.11233406208085417 0.18106635817057767 0.7659187126034231 1.7927968549515596
284 2556 75.9319389746541 1.7942410014361907 0.0122287932243478 0.0122287932243478 0.022766204670798887 0.11049481703350485 0.183994921912352 0.801712960426003 1.7942410014361907
285 2565 93.22431784801421 1.859167913570643 0.01233006607945775 0.01233006607945775 0.022436190977121736 0.1001476406478703 0.19741070871434205 0.8444370530073289 1.859167913570643
286 2574 106.63438729833159 1.8443467823575495 0.011908974332089279 0.011908974332089279 0.02201793260122949 0.10043559967025432 0.20690325431547646 0.8419676793025868 1.8443467823575495
287 2583 109.16518519230539 1.8147775149215775 0.01203816340346886 0.01203816340346886 0.021846298383282683 0.10138267735746345 0.20235019416867125 0.8112303133501244 1.8147775149215775
288 2592 111.97726062959474 1.7042319333093447 0.011759783702196963 0.011759783702196963 0.021553107606967305 0.10592461700835992 0.1998728769043425 0.8017836724473336 1.7042319333093447
289 2601 105.592334665308 1.6521978166570284 0.011615421507863632 0.011615421507863632 0.02317224961946709 0.09914814067155531 0.19775710179613148 0.788915289895211 1.6521978166570284
290 2610 102.44524435644728 1.564856565325514 0.011658601005340797 0.011658601005340797 0.023367819431204 0.09260395117145329 0.1977845981341942 0.7867954635295022 1.564856565325514
291 2619 105.47022948170127 1.3936624797133632 0.011822629624587109 0.011822629624587109 0.024304961503597317 0.0893303998268846 0.19771664405993505 0.7872581091600631 1.3936624797133632
292 2628 96.79595593196633 1.5653392410801894 0.011417549973204598 0.011417549973204598 0.024582096062834426 0.08786639392425274 0.19123600468476 0.7878017584718031 1.5653392410801894
293 2637 92.04569451422756 1.5925769381557056 0.011418192034008328 0.011418192034008328 0.02292488246984561 0.08790592113955784 0.18227905683358642 0.7741100597852735 1.5925769381557056
294 2646 90.08135412435912 1.5265779779730893 0.011403409716350092 0.011403409716350092 0.02248690164655429 0.08452921960817761 0.18424249481615138 0.796973882123749 1.5265779779730893
295 2655 94.27933926774415 1.4738930401549257 0.01123827432257162 0.01123827432257162 0.023661690696596793 0.07909470959775146 0.181867883839461 0.7891831214786176 1.4738930401549257
296 2664 95.90819130959089 1.4862044406304475 0.011431777260621303 0.011431777260621303 0.02374859833942394 0.07442771602252041 0.1717613238741408 0.8338351825554449 1.4862044406304475
297 2673 102.72557012625775 1.5740275935224097 0.011064924467168065 0.011064924467168065 0.024484824950012286 0.07693483189057519 0.16347283646171756 0.8150013565629199 1.5740275935224097
298 2682 106.63330195568692 1.5523439452935357 0.010659941473526493 0.010659941473526493 0.024023026043373277 0.08145693130293453 0.1677340017857288 0.8135964649145011 1.5523439452935357
299 2691 109.40410030276145 1.4883151642019175 0.010484586494536529 0.010484586494536529 0.023697268710193908 0.08204496540025344 0.16359297578550108 0.8633623211012575 1.4883151642019175
300 2700 93.53268638742139 1.4541935208944392 0.00972105272553517 0.00972105272553517 0.023600260646983957 0.0847954608919299 0.16379241077980236 0.8887034335212786 1.4541935208944392
301 2709 91.59049179956064 1.4292339629125528 0.009326273176547871 0.009326273176547871 0.024753321607611158 0.0872618772212995 0.15226148105425732 0.8895801558691724 1.4292339629125528
302 2718 105.70103013483555 1.4465373608095855 0.009007048543237816 0.009007048543237816 0.0246892952141993 0.08814108645203748 0.14459548752243404 0.8942161486282313 1.4465373608095855
303 2727 101.1184078639306 1.5947915585291583 0.008964742934881803 0.008964742934881803 0.02591681315594577 0.08075933958213823 0.1434784794208117 0.8621802194136526 1.5947915585291583
304 2736 98.87186398338181 1.5549123436476375 0.00888856693682528 0.00888856693682528 0.025023449266122686 0.08167594091434868 0.14354527476762413 0.7958171574549651 1.5549123436476375
305 2745 106.37292758240864 1.5648287912657122 0.008386399323044786 0.008386399323044786 0.02499557564341433 0.08122986083241489 0.13694409537822197 0.8625792828293224 1.5648287912657122
306 2754 114.01437644089907 1.5977939683195974 0.008463046188690143 0.008463046188690143 0.02364717976467359 0.08313657107694694 0.14323675454629986 0.854736351658672 1.5977939683195974
307 2763 115.67315457520887 1.5215670006991349 0.008124110967079875 0.008124110967079875 0.023346658502708773 0.08441964556024402 0.15744408480887687 0.848042937732096 1.5215670006991349
308 2772 116.22147553285352 1.5152534286417212 0.00790624569948722 0.00790624569948722 0.024276930803872044 0.08425977604518342 0.15853651681549483 0.833202753929849 1.5152534286417212
309 2781 117.37786118493892 1.6652030182880595 0.007517313099726299 0.007517313099726299 0.025131121378138485 0.0811650297378347 0.1522609030062528 0.8076628966477803 1.6652030182880595
310 2790 116.94555055782128 1.6093289932571606 0.007352779237710821 0.007352779237710821 0.026237221454561113 0.0810568170118958 0.1462635613946003 0.8205294144419014 1.6093289932571606
311 2799 115.56253989298787 1.652307457547289 0.0072282526063356155 0.0072282526063356155 0.025270360893833298 0.07999019272872156 0.15014684814055584 0.79811900987959 1.652307457547289
312 2808 103.55071610940166 1.6254460735723888 0.007223923771004123 0.007223923771004123 0.027206281418564092 0.0762347741332267 0.13856821503928618 0.8147451838987848 1.6254460735723888
313 2817 91.73875339984572 1.6614890306418766 0.007090322995832124 0.007090322995832124 0.02586495226782417 0.07121485333649334 0.13564691998524048 0.8005744624300113 1.6614890306418766
314 2826 84.11476459303925 1.5580339036006805 0.007039529920286152 0.007039529920286152 0.024957720660853767 0.07254606997104815 0.12732877804932333 0.8003800989616054 1.5580339036006805
315 2835 79.93643758812256 1.5278065521165023 0.006855432736491497 0.006855432736491497 0.02430992621756899 0.07229951779450133 0.125071469713823 0.8011256106181908 1.5278065521165023
316 2844 72.64740026927934 1.4887176209671444 0.006612563790555242 0.006612563790555242 0.02285018137010809 0.06799591197937263 0.13274808419777795 0.8187272502398265 1.4887176209671444
317 2853 65.4604362416522 1.3470432083905441 0.006787197014231844 0.006787197014231844 0.02349183281960796 0.06836888327184346 0.13805027720055077 0.8568200816749126 1.3470432083905441
318 2862 66.0123654776073 1.2863860851419504 0.00688983021548188 0.00688983021548188 0.024013805487346704 0.0660669979116834 0.1409023746805955 0.7989166928426635 1.2863860851419504
319 2871 62.69948379317912 1.2200688569606042 0.006601880437460523 0.006601880437460523 0.024010618067905103 0.07134191181461468 0.14129377329123227 0.7819639280944388 1.2200688569606042
320 2880 62.78081782686334 1.191538772818994 0.00632082569005514 0.00632082569005514 0.023920213602696867 0.0725782098618523 0.14059640990051372 0.7553002700737994 1.191538772818994
321 2889 64.7638616486291 1.1661227165854238 0.0064362754538880695 0.0064362754538880695 0.024368067205170863 0.07341382134644338 0.1403732729290235 0.7359094033847068 1.1661227165854238
322 2898 69.2328457057459 1.1746780270130022 0.006561100410352911 0.006561100410352911 0.02469619693660033 0.0692477817605926 0.14508479561700455 0.7237368937705432 1.1746780270130022
323 2907 73.77944809932471 1.2926677194803253 0.0065046429165757464 0.0065046429165757464 0.02393300480775122 0.07425898549081095 0.13701822266337502 0.6853280436393818 1.2926677194803253
324 2916 84.24919482466355 1.3262769090853381 0.006341343894869405 0.006341343894869405 0.02359101851948397 0.07148283427108147 0.13910599146652025 0.7024795254973083 1.3262769090853381
325 2925 95.69627363609695 1.456506010094216 0.006259503038894104 0.006259503038894104 0.022378919462455748 0.06893002805715927 0.14513881724690728 0.6997395699367204 1.456506010094216
326 2934 112.34182510126494 1.5124450227009674 0.005968393783851982 0.005968393783851982 0.02231256179006638 0.0669004027799168 0.14850375488707546 0.7071572801278546 1.5124450227009674
327 2943 102.90783194000878 1.6838833623272835 0.005554573242491611 0.005554573242491611 0.02130799912042292 0.0652507044922785 0.15141106482699182 0.7120348221273934 1.6838833623272835
328 2952 92.62972589775771 1.7027623614178218 0.005185879722908285 0.005185879722908285 0.022085992088020583 0.06216142889766128 0.14560344977808418 0.7169526107076907 1.7027623614178218
329 2961 89.77788710668815 1.6144366157284595 0.005159782244967485 0.005159782244967485 0.02167986552772511 0.05962907986254403 0.1455348589716946 0.710013523540592 1.6144366157284595
330 2970 93.77064020229723 1.6163444865068985 0.005010880423793537 0.005010880423793537 0.021004876002753255 0.059285335113084446 0.13478796275318258 0.7602154851189551 1.6163444865068985
331 2979 98.3698001414813 1.6479926006174643 0.00522125834504639 0.00522125834504639 0.020764247056299454 0.05723244386223424 0.13833138185612398 0.7575725344694971 1.6479926006174643
332 2988 97.20537001151337 1.7063024527081938 0.005142034277689995 0.005142034277689995 0.02145712446142421 0.055196380667677236 0.14134897278696432 0.71997734918948 1.7063024527081938
333 2997 86.43988681611297 1.6340963441346927 0.005253581018415421 0.005253581018415421 0.02133972977347319 0.05677519411944384 0.13393426108798015 0.7167589818821892 1.6340963441346927
334 3006 107.51619068133508 1.7106546691367326 0.005305534653935464 0.005305534653935464 0.021092585957966287 0.05014275223634998 0.13008743807442105 0.7097504506462726 1.7106546691367326
335 3015 110.11910460296305 1.725770577788656 0.005241285702624509 0.005241285702624509 0.02070004038095063 0.048710033167426094 0.14315532443330004 0.7224573583739496 1.725770577788656
336 3024 104.10704460025003 1.7234240697900656 0.005107031504346568 0.005107031504346568 0.020179561012230996 0.04850287558310903 0.13954913198401905 0.7055814897654565 1.7234240697900656
337 3033 103.71376490700541 1.7314943872149486 0.004914043165658957 0.004914043165658957 0.019812410697089656 0.04813113335272932 0.1394235386777428 0.6723855970607833 1.7314943872149486
338 3042 100.55792900434199 1.7588584662827023 0.00484748606369305 0.00484748606369305 0.01998822525852758 0.04843257097464102 0.1316989462151654 0.6669901486125234 1.7588584662827023
339 3051 115.5950293916174 1.691131966545093 0.004767405341719316 0.004767405341719316 0.021756782829848203 0.047647368998205514 0.12896301858080048 0.616488039720625 1.691131966545093
340 3060 120.55229794314008 1.6517380996784767 0.004801755701400762 0.004801755701400762 0.023994776595090615 0.05290791207711023 0.13006955465587375 0.545999862179782 1.6517380996784767
341 3069 119.91148829042508 1.6899971784662906 0.004338584475341708 0.004338584475341708 0.023821016637369314 0.056571218545789725 0.13077506339367553 0.5343246059816812 1.6899971784662906
342 3078 100.87588761776382 1.6057836392332434 0.004472141654759095 0.004472141654759095 0.02468299160805394 0.05511470535851447 0.13915026875932718 0.5113460721466286 1.6057836392332434
343 3087 87.78640615629519 1.6109897046916906 0.004447528389188491 0.004447528389188491 0.024520577004512698 0.05155953963812406 0.13811248851502747 0.48817785238063705 1.6109897046916906
344 3096 79.78957192519316 1.5887511491462176 0.004045785622285848 0.004045785622285848 0.02307383221941563 0.05302338085566051 0.13717434677330245 0.48224211726224586 1.5887511491462176
345 3105 84.28121040720212 1.4977677655054353 0.00393380686644002 0.00393380686644002 0.0234696816458303 0.05158599042046276 0.13148483185872148 0.4868558429804487 1.4977677655054353
346 3114 85.23703841003537 1.5057365322097556 0.0035823372124754865 0.0035823372124754865 0.02379241342957779 0.04853313291999618 0.13531140528727725 0.5373850155674503 1.5057365322097556
347 3123 87.22602719038672 1.4825292807359258 0.003533533008734452 0.003533533008734452 0.023725324239930665 0.04787236900304379 0.13126593486313531 0.5498434881646523 1.4825292807359258
348 3132 78.48066904409339 1.5007485306104074 0.0034371863905526944 0.0034371863905526944 0.023370636444805346 0.046116402278175005 0.13001506059228923 0.5304703165824719 1.5007485306104074
349 3141 73.357559445715 1.4118877200615123 0.003413074897383555 0.003413074897383555 0.02403738664071935 0.045471061095188045 0.12081997056545588 0.534158460276284 1.4118877200615123
350 3150 77.91815249695857 1.336591373800705 0.0032894336274613242 0.0032894336274613242 0.023243926139942143 0.04614170838634494 0.12266526910357754 0.5353018473665472 1.336591373800705
351 3159 82.49399092784293 1.4799344175865086 0.00316447506331548 0.00316447506331548 0.022008916625708502 0.04863765536168686 0.11731399016098405 0.5237087147374663 1.4799344175865086
352 3168 74.64916700938176 1.4471559383160737 0.0032886904408213164 0.0032886904408213164 0.021193577346526497 0.0493108249230172 0.12090187895042949 0.5005608714185406 1.4471559383160737
353 3177 71.88643311573996 1.45881434343779 0.003251898006270753 0.003251898006270753 0.021157433804293694 0.045649166275124116 0.12140238993702829 0.4809625712782924 1.45881434343779
354 3186 67.15821646942325 1.4379162607137776 0.003285056604725841 0.003285056604725841 0.020555174270038182 0.04582215794499769 0.11641746356405508 0.5034186314121747 1.4379162607137776
355 3195 63.396099162040294 1.4749008316241197 0.003264937040535564 0.003264937040535564 0.019935958085912354 0.04610407952352613 0.11247304477624358 0.4926024447266342 1.4749008316241197
356 3204 62.499246915463296 1.4328578762526012 0.0030303320490904923 0.0030303320490904923 0.019403608984714896 0.04725665900656832 0.11085357267734593 0.49419193073027134 1.4328578762526012
357 3213 59.30326663784532 1.317925273662648 0.003035242478155835 0.003035242478155835 0.018234849362952894 0.048570808150361966 0.11221391134629338 0.49593485653993946 1.317925273662648
358 3222 55.96777307184122 1.29354742190069 0.0030920249505482964 0.0030920249505482964 0.017734539683820952 0.051467314539327555 0.10622538723744859 0.4545357005072903 1.29354742190069
359 3231 46.45088581848572 1.2827439028049306 0.002777605006399048 0.002777605006399048 0.0179870516517857 0.05245494425325597 0.10677065469895415 0.44412732930072674 1.2827439028049306
360 3240 44.38825700587136 1.251296879328113 0.0027736697786647367 0.0027736697786647367 0.01734010083453243 0.05110543890042339 0.10379812290209595 0.433115181483267 1.251296879328113
361 3249 43.66687026602146 1.2537097111399897 0.0026306488235191537 0.0026306488235191537 0.017592430032351936 0.05083102726484215 0.10120780584264136 0.42117217740010676 1.2537097111399897
362 3258 47.634509483007164 1.247696649730273 0.002543478967704265 0.002543478967704265 0.018386138324558342 0.05151310262200279 0.09520854203587258 0.4177357395225614 1.247696649730273
363 3267 51.68053103452945 1.2115521524090032 0.002657844728405576 0.002657844728405576 0.01871041189808841 0.053131856906050344 0.08787746230237087 0.4036685975621722 1.2115521524090032
364 3276 53.287618695944026 1.1647244474220328 0.0027411139376311024 0.0027411139376311024 0.018665415418031392 0.05581282621837823 0.08463798655694978 0.38418156032972295 1.1647244474220328
365 3285 45.92317993811342 1.085402131769404 0.0026094588709945094 0.0026094588709945094 0.018542860648169197 0.05688441697351517 0.08870394556572563 0.3650512283460181 1.085402131769404
366 3294 43.546812455345986 1.038406849647708 0.002656133634666479 0.002656133634666479 0.01732973055788532 0.0579576407717793 0.08649968532673857 0.3595112174173093 1.038406849647708
367 3303 42.60367575799134 1.0285126339516613 0.002682532514739229 0.002682532514739229 0.017157240047740836 0.056688906283178395 0.08542634367512277 0.33952166465721545 1.0285126339516613
368 3312 45.769115083893716 1.0028952076079143 0.002617806210815028 0.002617806210815028 0.017255459723214708 0.05632020967218792 0.0872798723332178 0.3422419864737672 1.0028952076079143
369 3321 52.86935080124337 1.0185979271677519 0.002571285160528258 0.002571285160528258 0.017078518151444733 0.06074486651950189 0.09058380335984846 0.32652990439536234 1.0185979271677519
370 3330 57.759667164848345 1.0829440197525904 0.0024484051805263064 0.0024484051805263064 0.01607801973003862 0.06333309443669931 0.10171898352717965 0.3274461986513304 1.0829440197525904
371 3339 63.949090671507115 1.0615612421822005 0.0023193002941063892 0.0023193002941063892 0.01619620628004368 0.0679981950644162 0.1051357679544181 0.32457625824597575 1.0615612421822005
372 3348 68.72042212224225 1.0477459813427317 0.0022894684999564784 0.0022894684999564784 0.01518400747951804 0.07003985152752182 0.11329252491675874 0.3216078260632805 1.0477459813427317
373 3357 66.44222297331785 1.0137318306605565 0.0022425777504008794 0.0022425777504008794 0.015064822542265502 0.07075367695887966 0.11257387728821214 0.317454469660028 1.0137318306605565
374 3366 67.4812055677061 0.9367920558154627 0.002202299683943145 0.002202299683943145 0.015112543607321937 0.07230559367480266 0.11229876703885672 0.3152749671657798 0.9367920558154627
375 3375 61.474165081100075 0.9448314046201535 0.0020709104742713223 0.0020709104742713223 0.014754004135829037 0.07667038553298498 0.11113229026723935 0.3087255319426415 0.9448314046201535
376 3384 62.42543083004609 0.913472477747611 0.002141987049648962 0.002141987049648962 0.013879105260654095 0.07713577028759677 0.10821921694678271 0.30356063619890794 0.913472477747611
377 3393 60.30276438876102 0.8702221061666654 0.0021089883302532688 0.0021089883302532688 0.013256358425100824 0.08297174242744877 0.11007968468097651 0.30032077546609365 0.8702221061666654
378 3402 64.94220695475911 0.8605125929323705 0.002066232759889761 0.002066232759889761 0.013475170052155977 0.08610506561099023 0.107645179264711 0.28015824700144243 0.8605125929323705
379 3411 64.70411360686293 0.8601351368688297 0.001970503165577319 0.001970503165577319 0.013749862305977602 0.08640791165825122 0.10915084687294047 0.2881522586031748 0.8601351368688297
380 3420 62.438019344094194 0.8465382298457673 0.0019848792442146417 0.0019848792442146417 0.013773304997958268 0.08396955277053199 0.10843158741376914 0.27775076564253715 0.8465382298457673
381 3429 66.06344425777134 0.869224085559225 0.001996506936606058 0.001996506936606058 0.01334300003391013 0.08071841792281918 0.10385295214560158 0.2766747332593555 0.869224085559225
382 3438 70.20755178144464 0.8581431194660739 0.0021152286268613938 0.0021152286268613938 0.012930019539985883 0.0769877171046724 0.10861337837367588 0.2895383146711077 0.8581431194660739
383 3447 68.556769903776 0.8952855690549926 0.002001481383444343 0.002001481383444343 0.012486957347201464 0.07699753449659456 0.109648974134583 0.29799361374936595 0.8952855690549926
384 3456 62.444212437756796 0.8676652766605595 0.0019317663671425856 0.0019317663671425856 0.012595859328465917 0.08018863306033099 0.11049565007119441 0.29950249056966705 0.8676652766605595
385 3465 65.25669887638055 0.7868594880234049 0.0018253132144415939 0.0018253132144415939 0.01239068876797318 0.07920064304501452 0.10965278962931174 0.3117878509739136 0.7868594880234049
386 3474 58.19711481594968 0.7518940734528129 0.002006263167074002 0.002006263167074002 0.01258195270876942 0.0763486319520584 0.10526388366673063 0.3186437320218375 0.7518940734528129
387 3483 61.65662425775789 0.7495294942286734 0.0019646274974750282 0.0019646274974750282 0.011508969704974496 0.07475872648826662 0.1074423525327408 0.3181355713108142 0.7495294942286734
388 3492 54.05888793327042 0.7434242181894771 0.0019454330062518813 0.0019454330062518813 0.010471804188779294 0.08344557362105802 0.10922356951174488 0.3092319543056779 0.7434242181894771
389 3501 54.94481921084361 0.7474593566768987 0.0018953519436932245 0.0018953519436932245 0.010964003583003156 0.08256308171841527 0.10797152071246473 0.2881925666285744 0.7474593566768987
390 3510 49.3755947051114 0.7342237038530253 0.0019860573105014113 0.0019860573105014113 0.011233215556374082 0.07985338178747317 0.10385395202299544 0.2887714658527138 0.7342237038530253
391 3519 51.44000795328707 0.7552276710708961 0.0019820379947104506 0.0019820379947104506 0.010747678431742706 0.07718894196594733 0.09943234158841455 0.2894642742760722 0.7552276710708961
392 3528 58.98048207284441 0.7632381097895111 0.001833860510738412 0.001833860510738412 0.011527869134907385 0.07560160122386236 0.10000361876421993 0.2885608166073974 0.7632381097895111
393 3537 69.87934874638897 0.7487133734441707 0.0018030061741532634 0.0018030061741532634 0.01150499829997161 0.07574732098985235 0.10584216381566289 0.28941304943030044 0.7487133734441707
394 3546 68.3179759776383 0.7536325106151497 0.0017387204898116904 0.0017387204898116904 0.012480275146592841 0.07964035034612504 0.11331449215659198 0.2663532088239392 0.7536325106151497
395 3555 70.79141830039859 0.7663120402021256 0.0016711036635115443 0.0016711036635115443 0.012396448963739051 0.07682805144289626 0.10519281530324719 0.267750119808573 0.7663120402021256
396 3564 73.96379875630787 0.7950225309955388 0.00161136823703081 0.00161136823703081 0.01243372231376116 0.07507488819329948 0.10773040287309095 0.2529038800916235 0.7950225309955388
397 3573 86.96303443422742 0.8156240808739177 0.0015817595530175962 0.0015817595530175962 0.01262847536530331 0.07571578830216022 0.11011221360060404 0.24114033536950172 0.8156240808739177
398 3582 98.530758696409 0.7995358109426688 0.0015396800758118606 0.0015396800758118606 0.012650713202020667 0.0757629015844244 0.12106610779449979 0.23875867395435613 0.7995358109426688
399 3591 93.8247685485515 0.7607469508641957 0.0015033373884446811 0.0015033373884446811 0.013239974061112745 0.07245869177047365 0.12412247601608446 0.25551169063709717 0.7607469508641957
400 3600 85.61707989884364 0.7543355982674107 0.0015140846874288013 0.0015140846874288013 0.013046172821933589 0.06644010778860393 0.12257102756950247 0.27150472477134313 0.7543355982674107
401 3609 82.0818305542654 0.7509023112052224 0.0014795344264457405 0.0014795344264457405 0.012450381463627933 0.06499403743152449 0.11987379868210496 0.2639833727560943 0.7509023112052224
402 3618 92.07605717348748 0.6865462140257937 0.0014710429874193734 0.0014710429874193734 0.012842981395165333 0.0667673604298888 0.11899169406014097 0.25820707676535437 0.6865462140257937
403 3627 88.15030021016466 0.7198350898715996 0.0013919331988162225 0.0013919331988162225 0.012944216519882246 0.065674691974679 0.12914749136395176 0.25722092973235333 0.7198350898715996
404 3636 99.40771573619072 0.7239348099978241 0.0013618742083142058 0.0013618742083142058 0.014378676996354964 0.06664762443671662 0.12477994386353285 0.24786721008676182 0.7239348099978241
405 3645 86.02540105227095 0.7147787739475472 0.0013588979550794883 0.0013588979550794883 0.015368418011606442 0.06049556159877307 0.12281540361711785 0.2845515551567247 0.7147787739475472
406 3654 87.2511003922924 0.7087690021126096 0.0012902543962224837 0.0012902543962224837 0.015044639950707778 0.060776540900647956 0.1142793004658644 0.28152217970948995 0.7087690021126096
407 3663 78.47890282137298 0.7985273238141449 0.0012952309488113985 0.0012952309488113985 0.014571572136358018 0.05975980985668825 0.10764249860802817 0.2721262620422049 0.7985273238141449
408 3672 68.80869657216603 0.7880773587708481 0.0013001591373756304 0.0013001591373756304 0.01339339218154001 0.0592548440167711 0.10327959284734117 0.27166769945190106 0.7880773587708481
409 3681 60.713867766590376 0.7240450492338574 0.0012740737572900934 0.0012740737572900934 0.013246915435967666 0.058768130466939086 0.10448805984487052 0.27301497100094635 0.7240450492338574
410 3690 60.871221928481695 0.7039671734811798 0.0012835660530793396 0.0012835660530793396 0.013281348206684382 0.058999340178772126 0.09794925001337293 0.2599756672776796 0.7039671734811798
411 3699 62.656218976955984 0.7512913517125844 0.0012269490264160217 0.0012269490264160217 0.013763973468844327 0.059463878832196476 0.09674419131247565 0.25503636877977665 0.7512913517125844
412 3708 60.51462944830492 0.7452148387822721 0.0011625527356386612 0.0011625527356386612 0.014378631801340663 0.057341528976918056 0.09444523678512787 0.26904911318208224 0.7452148387822721
413 3717 65.89001838222023 0.7403785152420669 0.0011492604989421437 0.0011492604989421437 0.013430004763569573 0.06101503555931611 0.0901924487808636 0.275263752477012 0.7403785152420669
414 3726 56.72594472068966 0.7382800396392551 0.001080411942568673 0.001080411942568673 0.013306163972370198 0.060762233324916703 0.09958680746147279 0.2662585251240911 0.7382800396392551
415 3735 53.09617134646629 0.6862215902400802 0.001033930502164798 0.001033930502164798 0.013007149483809613 0.06109546642797121 0.09969293656339322 0.26613035678136776 0.6862215902400802
416 3744 48.64239802357552 0.6680668424397789 0.0009609357049676493 0.0009609357049676493 0.012941863489132528 0.06075632536301148 0.099711444337501 0.25744239604933 0.6680668424397789
417 3753 53.14550912574573 0.6855311488760434 0.0009286764887844746 0.0009286764887844746 0.012822168363477568 0.06068030470609983 0.09319312797997797 0.25733493439101757 0.6855311488760434
418 3762 58.44059391205332 0.7496204512248639 0.0008713125524011649 0.0008713125524011649 0.012223996376199597 0.060864460044090234 0.0940527006808506 0.25596077978459103 0.7496204512248639
419 3771 53.160076441968954 0.7309346871121252 0.0008856787006014349 0.0008856787006014349 0.01225243804269583 0.05969098203180345 0.10262376885739379 0.24273370580256773 0.7309346871121252
420 3780 48.360803680309836 0.7264592801913392 0.0008699483198941152 0.0008699483198941152 0.012278263463736876 0.06177630099909623 0.0971670624562948 0.2221049897944325 0.7264592801913392
421 3789 53.86304207301417 0.7322354160837783 0.0008171383953612833 0.0008171383953612833 0.01188355353161953 0.06006413783852291 0.09807011048200297 0.2186343589720683 0.7322354160837783
422 3798 57.38700740465471 0.7172824166945434 0.0008192662101352812 0.0008192662101352812 0.011902143329543173 0.058538372393934675 0.10900707539389588 0.217998383646042 0.7172824166945434
423 3807 54.032979839363485 0.7139880041868332 0.0008119564855953924 0.0008119564855953924 0.011836482550689273 0.06086039733461778 0.1140560383944644 0.20376537903201128 0.7139880041868332
424 3816 50.742417583559444 0.7062330065422058 0.0008043839842671307 0.0008043839842671307 0.0119297971159847 0.06111527159476211 0.1028100088695586 0.20306691500813165 0.7062330065422058
425 3825 51.25397571104744 0.7102391602833771 0.0008630472297304554 0.0008630472297304554 0.01095080565995712 0.06105747000025204 0.09770069021182098 0.19687007519569866 0.7102391602833771
426 3834 54.386551568695374 0.7202058147990044 0.0008297868744547653 0.0008297868744547653 0.010986495966333183 0.05690221457961865 0.09976880020278865 0.19659786292833442 0.7202058147990044
427 3843 68.5969362978239 0.7110535161822282 0.0008273146853143606 0.0008273146853143606 0.01037689908900961 0.056032018077659826 0.10851877939817205 0.19134733007474464 0.7110535161822282
428 3852 84.40383935992301 0.6883662864227174 0.000874785439966431 0.000874785439966431 0.010255905862986376 0.05561242838977694 0.11283320364506036 0.19750296771894077 0.6883662864227174
429 3861 95.9587783115959 0.7004632944753514 0.0008720698469588964 0.0008720698469588964 0.010465509188302394 0.054523401410839105 0.1073037453280435 0.2117306567574531 0.7004632944753514
430 3870 101.49301516956572 0.7231990244312284 0.0008277950620196291 0.0008277950620196291 0.009789482725743818 0.05085089871227359 0.10954040846635456 0.22026431968626184 0.7231990244312284
431 3879 94.01597825884019 0.7279867014629872 0.0007883468024048197 0.0007883468024048197 0.009703215327299466 0.05155396059335434 0.10629051392113857 0.2193558705965664 0.7279867014629872
432 3888 85.28526347942507 0.6826797088614512 0.0007790522134401228 0.0007790522134401228 0.009825604671682486 0.05474046153638077 0.10408514969738915 0.20778537061247063 0.6826797088614512
433 3897 79.3963092957941 0.677132371526136 0.0007587558311007534 0.0007587558311007534 0.00964345017799803 0.05438046565719023 0.0988424800702727 0.20788518028369637 0.677132371526136
434 3906 73.30106013405683 0.7105013706742319 0.0007572063110878207 0.0007572063110878207 0.009114105272604964 0.052812810873222225 0.0947061371588825 0.20026660104866403 0.7105013706742319
435 3915 73.33500175577458 0.7412290605165377 0.0007732306261426965 0.0007732306261426965 0.009217688282646342 0.04968274149523477 0.08840185269597732 0.19882728641556502 0.7412290605165377
436 3924 65.79175750586471 0.7337243696966661 0.0007455071940510102 0.0007455071940510102 0.009323593665991703 0.05058068144612853 0.08324605557773801 0.20438856014360626 0.7337243696966661
437 3933 58.531186309455876 0.7220658841438728 0.0007731468129805275 0.0007731468129805275 0.00904558695560719 0.04983193627158424 0.0759859564558442 0.20018875298587968 0.7220658841438728
438 3942 57.306717365086044 0.7138087482687816 0.0007711678999790345 0.0007711678999790345 0.008635358432734623 0.04950890215899876 0.07545184677171776 0.18411524800570814 0.7138087482687816
439 3951 57.632123232450255 0.690333839750222 0.0007186552298423925 0.0007186552298423925 0.008390533001746863 0.04962095536420032 0.08278535595353638 0.1881062029373129 0.690333839750222
440 3960 56.65206780619357 0.7396321966346268 0.0007122637832294615 0.0007122637832294615 0.008769798886609939 0.05013156752683566 0.07933172521994011 0.18405045280992177 0.7396321966346268
441 3969 53.68360150078845 0.7204138366695498 0.0006975196875595877 0.0006975196875595877 0.008794984265328293 0.04975382984286544 0.07844671663699358 0.1861064655058267 0.7204138366695498
442 3978 60.07035203966419 0.7544387133343938 0.0006871544359632434 0.0006871544359632434 0.008829219491691478 0.04905926588073981 0.07838764476275852 0.1726365955466572 0.7544387133343938
443 3987 65.26988430258541 0.7388994106744801 0.0006653605305522514 0.0006653605305522514 0.00835917163778893 0.05042318614614346 0.0867515897126178 0.17559004626368416 0.7388994106744801
444 3996 79.40531655823347 0.7433716706434212 0.0006448910714780977 0.0006448910714780977 0.007749723301495295 0.0492801172539013 0.09456067953675693 0.1769410594008901 0.7433716706434212
445 4005 83.52986608376533 0.7276101552059902 0.0006322955678358599 0.0006322955678358599 0.007754977207454433 0.04774238145803126 0.09251791247871974 0.18528666822937545 0.7276101552059902
446 4014 94.70590791266645 0.7260552838151629 0.0006315314626720036 0.0006315314626720036 0.007600346542757246 0.04417813835272072 0.09315073511241416 0.17466353170121504 0.7260552838151629
447 4023 85.37038859900227 0.6985907864592342 0.0006196400022259376 0.0006196400022259376 0.007793969932017386 0.043776851351322574 0.09257580222051656 0.17262477660790787 0.6985907864592342
448 4032 79.50980343017528 0.692078895747956 0.0006335580416559349 0.0006335580416559349 0.007721721971872991 0.04284427285025413 0.08703334989107551 0.1693428140897202 0.692078895747956
449 4041 67.94570854942646 0.7153550892202256 0.0006265244701827023 0.0006265244701827023 0.007252374327675236 0.04259127941612478 0.08506820273635327 0.16622715673586827 0.7153550892202256
450 4050 69.97261160152965 0.6670586781227834 0.0006223838686400918 0.0006223838686400918 0.00703082221335635 0.04247655234375072 0.077656654650727 0.16765316697906016 0.6670586781227834
451 4059 62.1811405759616 0.7160353374201514 0.0005923366810279167 0.0005923366810279167 0.0070025436839600665 0.04350370883516331 0.07381108357660009 0.17107779478304252 0.7160353374201514
452 4068 68.53488930074711 0.7100458652257474 0.0005627972403337986 0.0005627972403337986 0.0071070259919161554 0.04222117327573766 0.07262541402248002 0.16272008323005008 0.7100458652257474
453 4077 64.21758305142428 0.7002678986527576 0.0006622891995852211 0.0006622891995852211 0.007003299783956901 0.04114487619625941 0.07211150026825822 0.15847723556520968 0.7002678986527576
454 4086 60.581312936332665 0.7020844948746229 0.0006640083069996043 0.0006640083069996043 0.006871931533682265 0.03943904076352266 0.06899934783277717 0.15328813859545856 0.7020844948746229
455 4095 61.07968779028699 0.6814834124168373 0.0006768856016826379 0.0006768856016826379 0.0070751166039718 0.038307902603727864 0.06426207036337696 0.15430618730318366 0.6814834124168373
456 4104 55.79675707142911 0.6832644062872714 0.000671206050088529 0.000671206050088529 0.006928835534005865 0.03696875519294262 0.06415042382553926 0.15212857475313418 0.6832644062872714
457 4113 50.94564432711061 0.6769072282459835 0.0006324103850700049 0.0006324103850700049 0.007013749212869218 0.03576656716430304 0.06353671256940828 0.1498964776262912 0.6769072282459835
458 4122 50.601123550995936 0.6533324308485966 0.0006209099152494237 0.0006209099152494237 0.006367551381577776 0.03544921383262099 0.06408274517561884 0.15349607333638743 0.6533324308485966
459 4131 52.053006638306684 0.6335183282772772 0.0006003692013198996 0.0006003692013198996 0.006937478479546351 0.03325482969572975 0.06345177511258801 0.15573145532183022 0.6335183282772772
460 4140 50.540946979421584 0.6513907130143716 0.0006054593979592784 0.0006054593979592784 0.007033975541663462 0.03355743791070292 0.06252550628133922 0.13698651044285753 0.6513907130143716
461 4149 43.60338896085008 0.6149192580783353 0.0005834150230625063 0.0005834150230625063 0.00712306247643119 0.03392272173851293 0.06287802927193682 0.13765161710427784 0.6149192580783353
462 4158 39.321417572450244 0.6075392568860729 0.0005680696650665489 0.0005680696650665489 0.006860283311175129 0.033075399318091135 0.060397608118366815 0.13782943585772067 0.6075392568860729
463 4167 39.85643029757813 0.6222435491795903 0.0005279314538871734 0.0005279314538871734 0.006697278375919949 0.03316292477700899 0.05672010737773621 0.13617351884213943 0.6222435491795903
464 4176 40.033768907654654 0.6271755288005058 0.0005024252859510332 0.0005024252859510332 0.006479133742747826 0.033161009469261586 0.058436303120299724 0.13544794567594204 0.6271755288005058
465 4185 42.67166103824927 0.6477012192026086 0.0004977643407577381 0.0004977643407577381 0.007084522253406313 0.03265964410045154 0.05671295645184777 0.1298784022928452 0.6477012192026086
466 4194 50.004054494366095 0.650419458875717 0.0004687235853429058 0.0004687235853429058 0.007102032603443482 0.033043327427764876 0.060079095191022544 0.1308379393005209 0.650419458875717
467 4203 56.715232380767546 0.7502241659497753 0.00045353278153144577 0.00045353278153144577 0.007079484074340485 0.031467903599903695 0.058305757010839045 0.13196351854634966 0.7502241659497753
468 4212 54.90160688730231 0.75849594590652 0.0004615833701427041 0.0004615833701427041 0.007539488713070358 0.032718064078084225 0.05300141208608146 0.12945420850881972 0.75849594590652
469 4221 55.3108982201889 0.7494366255627587 0.00045613395718460074 0.00045613395718460074 0.007370875656089546 0.03150369167340876 0.051672640491177146 0.12676915650442888 0.7494366255627587
470 4230 44.7735273299983 0.731344852636982 0.00044011083194109963 0.00044011083194109963 0.007520298472525296 0.032759155483944064 0.049327372139633216 0.12192714481045097 0.731344852636982
471 4239 40.082959715168734 0.6932136024845689 0.0004080876664097958 0.0004080876664097958 0.00764009068297073 0.03168842709464504 0.048387827609474236 0.1235050917668348 0.6932136024845689
472 4248 36.998876292266516 0.6935685962779918 0.0003912094977833935 0.0003912094977833935 0.007215550421140197 0.03186762951562418 0.04756575318933611 0.12862959527908327 0.6935685962779918
473 4257 34.07571285895669 0.707641608795034 0.0003890041767864436 0.0003890041767864436 0.00691860191263592 0.03089114557028334 0.04641769154473869 0.12345053443880169 0.707641608795034
474 4266 31.239857354025208 0.7213607609550117 0.00038091478740495834 0.00038091478740495834 0.006962059353372045 0.029727293169836664 0.0451544533774819 0.11562918420689498 0.7213607609550117
475 4275 29.92417852914635 0.6659230039409232 0.000372920756098838 0.000372920756098838 0.007023432569220317 0.029887306860296073 0.045515963807013414 0.1103073267683185 0.6659230039409232
476 4284 31.724281391623887 0.6522980863936155 0.0003634005311606883 0.0003634005311606883 0.007265410278763212 0.029362962227955904 0.04634068820643322 0.10563418605590813 0.6522980863936155
477 4293 30.01607933759255 0.6612789784439536 0.00035888352735776135 0.00035888352735776135 0.0068591746340019326 0.030722549678721196 0.046522759747430975 0.10865222612039056 0.6612789784439536
478 4302 33.52092087147203 0.6516856707292081 0.0003531326652339499 0.0003531326652339499 0.006780306379765494 0.029764634428924873 0.04617511573813 0.10632914314056816 0.6516856707292081
479 4311 34.20717425271891 0.6870491755068097 0.0003506332024342619 0.0003506332024342619 0.006500447868523186 0.029837174993019668 0.04709588972370864 0.10970178862798861 0.6870491755068097
480 4320 37.43589777735837 0.776905373486605 0.0003327422751948175 0.0003327422751948175 0.006257091409569082 0.028752374082105167 0.047082993466364687 0.10977199493712933 0.776905373486605
481 4329 39.58282066813359 0.7485606692160109 0.0003279227303599198 0.0003279227303599198 0.00633922246486326 0.02829183498106125 0.04777540563962599 0.12066346153715125 0.7485606692160109
482 4338 50.48986838541315 0.7447299264354489 0.00032137187872945995 0.00032137187872945995 0.0063702505719627055 0.02745479514681506 0.05101263069104216 0.11731864933500331 0.7447299264354489
483 4347 51.60543777900444 0.8606605098579442 0.00031003777288374055 0.00031003777288374055 0.006484411355152246 0.02814515062679669 0.049370870388952735 0.11396322951741349 0.8606605098579442
484 4356 53.97200032145199 0.8383199700053073 0.00030395295168397416 0.00030395295168397416 0.006236088366757229 0.027759630658630376 0.0489458271197809 0.11019510185238673 0.8383199700053073
485 4365 59.03026339670756 0.8511265508477989 0.00030090215204565105 0.00030090215204565105 0.005955144142533688 0.02707057111744164 0.050533242087680924 0.10841933614596266 0.8511265508477989
486 4374 63.16427676371082 0.835083792498093 0.00029470346007965027 0.00029470346007965027 0.005772059371044966 0.027488443969705 0.050414897396465104 0.11083345780291975 0.835083792498093
487 4383 62.30987301867562 0.8132508376134442 0.00029371873920287767 0.00029371873920287767 0.0058154690027794635 0.0266610649768876 0.05206256146094813 0.10768082082938611 0.8132508376134442
488 4392 54.33037986330052 0.8133501799037027 0.0002853876101804249 0.0002853876101804249 0.005863549103108703 0.02747083288176591 0.048671147950261215 0.10518411591030015 0.8133501799037027
489 4401 60.740636983635 0.8270315738094979 0.00027912924357092453 0.00027912924357092453 0.005869976634631449 0.027322681710894497 0.04330423807092732 0.10048525727468031 0.8270315738094979
490 4410 65.40547892568938 0.823841494026107 0.0002787721103751267 0.0002787721103751267 0.006399057449789742 0.025693072974033355 0.04619262430090139 0.10055373444193506 0.823841494026107
491 4419 68.41229766952289 0.8106855747341514 0.0002724656724154425 0.0002724656724154425 0.006607019001385545 0.025004305043375193 0.04549775562789125 0.10304418828257686 0.8106855747341514
492 4428 84.33777481231323 0.8154227277967779 0.0002542106554122261 0.0002542106554122261 0.006696491529932536 0.026791961692546475 0.042496904038584825 0.1034907485767884 0.8154227277967779
493 4437 102.82379161920439 0.7930858557386424 0.0002615819139547858 0.0002615819139547858 0.006585833809767212 0.028859875035023637 0.041517988409926126 0.1008945789982975 0.7930858557386424
494 4446 105.36397830473442 0.8227502855406985 0.000256091206330852 0.000256091206330852 0.006605703458259008 0.029097679653951547 0.03942330040251257 0.10481533871831411 0.8227502855406985
495 4455 118.66026480776016 0.8115741049574596 0.000236984066586407 0.000236984066586407 0.00710597665363742 0.029149797631865145 0.0379018282428174 0.10226877310750927 0.8115741049574596
496 4464 109.45953708066705 0.7970172473126919 0.00027000594463357793 0.00027000594463357793 0.007074836481076855 0.02865596225275636 0.03672046230828663 0.10246905275659618 0.7970172473126919
497 4473 98.92703161884727 0.8192441448833538 0.00026118319538590863 0.00026118319538590863 0.007254476240743818 0.029545830593434932 0.03377560404340066 0.1018296581647682 0.8192441448833538
498 4482 92.84476390607968 0.8019476277131296 0.00025691686415027173 0.00025691686415027173 0.007184655095487648 0.028819833432248983 0.03241271919407055 0.09989176467499924 0.8019476277131296
499 4491 86.8217415985028 0.82736455331407 0.0002583555164402994 0.0002583555164402994 0.007107987911316535 0.025635572689827253 0.03358878845077781 0.09936329241773506 0.82736455331407
500 4500 81.1733847120093 0.8246930304598175 0.00023145476187773646 0.00023145476187773646 0.007179569773809101 0.025467568035270383 0.032857864004754454 0.09949597559906 0.8246930304598175
501 4509 71.28473146345418 0.7966407447595473 0.00022063356160346143 0.00022063356160346143 0.007181208319861159 0.02472814192871701 0.033931015316579785 0.10004616028567717 0.7966407447595473
502 4518 66.7474343013196 0.824214639302103 0.00022578428499349734 0.00022578428499349734 0.007114053018797901 0.021530665207535618 0.03577529837184236 0.09432709927396533 0.824214639302103
503 4527 62.334643296006725 0.8247989631675727 0.0002283052354394055 0.0002283052354394055 0.007028501039604919 0.020791759532254258 0.035130290452826264 0.0877364203326744 0.8247989631675727
504 4536 61.31079768521491 0.8263841529769567 0.00022201357740511042 0.00022201357740511042 0.006569539972180748 0.01961978258592778 0.035570938540943 0.08906148630518523 0.8263841529769567
505 4545 57.12021745950116 0.8016956775578264 0.00021915664893971712 0.00021915664893971712 0.006596408705389768 0.01942849026762131 0.035816537453489124 0.09067864394784163 0.8016956775578264
506 4554 58.980211225409306 0.7669581824680871 0.0002231453271293425 0.0002231453271293425 0.006631571620311601 0.019361949872450122 0.03192110256588073 0.08973282044672375 0.7669581824680871
507 4563 63.332309288121216 0.7610361690427366 0.0002220610896356127 0.0002220610896356127 0.006977790659420589 0.017914826669517936 0.03192991848709501 0.08809534651445988 0.7610361690427366
508 4572 69.00273388509055 0.77888216362105 0.00021777122595219623 0.00021777122595219623 0.007259223906764393 0.01787030923846042 0.0311719556505114 0.08106182270706602 0.77888216362105
509 4581 80.57196994319565 0.8067942064414313 0.00022642158462639317 0.00022642158462639317 0.006901393628027608 0.01838185693539349 0.029613151318633103 0.07940999189468893 0.8067942064414313
510 4590 82.21387266132224 0.8056129144208929 0.0002150229561401824 0.0002150229561401824 0.006678573424320159 0.018943133912563404 0.028608400115566684 0.09254807747442273 0.8056129144208929
511 4599 82.97784729458874 0.804281321093133 0.00021217234067075352 0.00021217234067075352 0.006756828062668795 0.019111923210940143 0.02602432701588035 0.09551625028069312 0.804281321093133
512 4608 79.97778712371088 0.8338533488215336 0.00020581711504031978 0.00020581711504031978 0.006523853567932649 0.01821574188146697 0.025170615616842282 0.09880708586570501 0.8338533488215336
513 4617 74.41628713651629 0.8486719014099903 0.0002042874130392981 0.0002042874130392981 0.006203085413158196 0.01776746335079304 0.025042578331286806 0.0939127197525291 0.8486719014099903
514 4626 71.7566955997703 0.8483235174091637 0.00020432996547004687 0.00020432996547004687 0.006077429927534035 0.016637478511606553 0.025933973236276626 0.09636578307830168 0.8483235174091637
515 4635 74.98817033747417 0.8343837526216176 0.0002058906787645592 0.0002058906787645592 0.0060487220941120926 0.017428054489026377 0.025503132643113643 0.08705590443946855 0.8343837526216176
516 4644 70.64265540351113 0.7783217445780624 0.00020322808373221006 0.00020322808373221006 0.005824023554870515 0.019774755102968618 0.025041776765760446 0.08568232515067514 0.7783217445780624
517 4653 66.96257560377329 0.7784816098040029 0.00018814027730986837 0.00018814027730986837 0.005765272938052664 0.01959249494416345 0.02356813075699053 0.08581829112212468 0.7784816098040029
518 4662 70.03884770476091 0.7853414727981378 0.00018066337089060012 0.00018066337089060012 0.005560096369949218 0.01840517602432791 0.023337143337381426 0.08596588720718704 0.7853414727981378
519 4671 66.31483406726248 0.7575936312246012 0.00017852746667588678 0.00017852746667588678 0.005741968517725172 0.018053989863113375 0.023264321811307033 0.08505179945296602 0.7575936312246012
520 4680 66.57159996362589 0.7691495886328332 0.00018124553911244576 0.00018124553911244576 0.005327220088740602 0.017358808048749706 0.02325424243551404 0.08400908470541661 0.7691495886328332
521 4689 72.74690656065125 0.770799401844966 0.00016452261219100309 0.00016452261219100309 0.005083359053799805 0.017652494387731664 0.024865453341342027 0.08524151801047265 0.770799401844966
522 4698 73.83445092412862 0.7991523932196934 0.00014929412648551516 0.00014929412648551516 0.004853374802532575 0.019190187514734634 0.025754591500328904 0.08421306680558799 0.7991523932196934
523 4707 63.8769761233038 0.8209551056626773 0.00014844457613558574 0.00014844457613558574 0.0044083968582424365 0.01975053531551054 0.025302131316529728 0.08504318250098165 0.8209551056626773
524 4716 70.27032220569215 0.8181928095386077 0.00015698821361860628 0.00015698821361860628 0.0041113218551313965 0.019530707292714555 0.023553132619215992 0.08535906830012831 0.8181928095386077
525 4725 68.69479991134844 0.7895255252219996 0.00015739480171885094 0.00015739480171885094 0.0041391291216983355 0.019055680159010026 0.024676745327883005 0.08564048566478878 0.7895255252219996
526 4734 65.48574850069842 0.7428897803073092 0.00016283351570088199 0.00016283351570088199 0.004105436928609086 0.018483548530359842 0.02477987620749877 0.08363174679554551 0.7428897803073092
527 4743 60.03645696117954 0.7217518124138755 0.00016068546009832149 0.00016068546009832149 0.0043790985130876285 0.017744405220403974 0.023788295420859914 0.08003799250023905 0.7217518124138755
528 4752 62.538204282962795 0.7394214788703444 0.00016039054725969085 0.00016039054725969085 0.004307242739347984 0.01590036258304439 0.02496450536101745 0.08014794118903473 0.7394214788703444
529 4761 60.38081083100709 0.7306783929316393 0.00016857914169660673 0.00016857914169660673 0.004450431963942427 0.015728104651301332 0.025892673954875337 0.07627547078169543 0.7306783929316393
530 4770 60.35958910536482 0.7274272065129138 0.0001553244221624406 0.0001553244221624406 0.0040784919537234015 0.01560769471418556 0.02735422154339354 0.07599505445846803 0.7274272065129138
531 4779 60.03798010671359 0.7585079541685947 0.00015539001772827522 0.00015539001772827522 0.0039358681414037 0.015567194898087952 0.02692582449000648 0.07707365853453993 0.7585079541685947
532 4788 59.683707784194404 0.7994956554961379 0.00014638961922726416 0.00014638961922726416 0.0038877405933996625 0.014736072393941965 0.026770359955226943 0.07593355839431261 0.7994956554961379
533 4797 64.52051410011279 0.7897565713610074 0.00014261032937746345 0.00014261032937746345 0.0038832100292954634 0.014116374923223377 0.02765639592885086 0.07280983686123169 0.7897565713610074
534 4806 62.52959081360123 0.7886558263738018 0.00013109167879327661 0.00013109167879327661 0.003842049181246109 0.013912524338565284 0.03132381217006406 0.07526287269236942 0.7886558263738018
535 4815 56.9954858738448 0.78239978639223 0.0001249436011659335 0.0001249436011659335 0.0034534171452881663 0.015180611118504848 0.031332578801808 0.07588366725024465 0.78239978639223
535 4815 56.9954858738448 0.78239978639223 0.0001249436011659335 0.0001249436011659335 0.0034534171452881663 0.015180611118504848 0.031332578801808 0.07588366725024465 0.78239978639223
