% # columns="iteration, evaluation, sigma, axis ratio, bestever, best, median, worst objective function value, further objective values of best", seed=402735, Wed Aug 24 00:30:58 2022, <python>{}</python>
1 9 1.0243636845613293 1.0000416675347343 -0.04441385316148114 -4.4413853161481137e-02 -0.034945336313779066 -0.0007313514659172682   
2 18 1.004141397408217 1.277225088025087 -0.04441385316148114 -4.3925985983146398e-02 -0.023709714385400704 -0.0060301619639683   
3 27 1.010606959362235 1.3134374886841125 -0.04528502947385371 -4.5285029473853711e-02 -0.03171271005152923 -0.00010862312350679026   
4 36 1.0052641923531718 1.3501710085878014 -0.04528502947385371 -4.4466751138706115e-02 -0.037770553449443675 -0.001206208684521315   
5 45 1.0123476992132918 1.5213180066839753 -0.04528502947385371 -4.4723247185364426e-02 -0.02417044436443469 -0.006372787618433767   
6 54 1.1517542225149973 1.6748536193299144 -0.04528502947385371 -4.5197788777704806e-02 -0.03498174413333882 -0.0001098791358117579   
7 63 0.9487705968154335 2.004520035363449 -0.04528502947385371 -4.2950925889725017e-02 -0.03179343785268465 -0.0012272891951617126   
8 72 0.9726776365362607 2.103440558299544 -0.04528502947385371 -4.5054993315431474e-02 -0.023175189726056394 -0.0016778415461546348   
9 81 1.0153153183190664 2.139140497704491 -0.04528502947385371 -4.5209352962206600e-02 -0.035018305802355876 -0.00010970978907989815   
10 90 1.0361986687584068 2.20240206775017 -0.04528502947385371 -4.2871634839601672e-02 -0.02405097831521058 -0.0015821185483987643   
11 99 1.0337369656128514 2.1664722439088786 -0.04528502947385371 -4.5152968575885383e-02 -0.027770963376380714 -0.00010929793022210199   
12 108 1.1378455132075678 2.270556406921699 -0.045287816853323434 -4.5287816853323434e-02 -0.03780318695070642 -0.0007339780338029289   
13 117 1.17879022750546 2.672874932839441 -0.045287816853323434 -4.4102155347961691e-02 -0.02439340462449935 -0.006789927692029685   
14 126 1.3723676888615368 2.572162178880926 -0.045287816853323434 -4.5282738745472825e-02 -0.03160845855117432 -0.00011020584473170336   
15 135 1.3382671254248024 2.5889370873273583 -0.045287816853323434 -4.4474653402725495e-02 -0.03778914799129285 -0.0007917186953323441   
16 144 1.3363681179924605 2.7052336309076934 -0.045287816853323434 -4.4635923844651620e-02 -0.023720234859808814 -0.005956997979002704   
17 153 1.3122098850742592 2.745061690762225 -0.045287816853323434 -4.5267475977406102e-02 -0.03158053577259874 -0.00010731186649096114   
18 162 1.1276738952235528 2.9297482337899847 -0.045287816853323434 -4.1540148244067848e-02 -0.03182556490583953 -0.001223945373514168   
19 171 0.9758119377769863 2.98505883722354 -0.045287816853323434 -4.4747759026400810e-02 -0.023540931597055226 -0.0022490506157046564   
20 180 0.9704547808152024 3.0790803116766443 -0.04529797672121773 -4.5297976721217728e-02 -0.03502617122767805 -0.00011135238697487782   
21 189 0.9723339293283874 3.137559309716321 -0.04529797672121773 -4.2873933455232494e-02 -0.03171270190567882 -0.00155132227682106   
22 198 1.0173503751975101 3.0389178959934755 -0.04529797672121773 -4.5081722266487642e-02 -0.02805336416401423 -0.001777073236719301   
23 207 1.0791996083057744 3.1844360914328043 -0.04529797672121773 -4.5262483358271002e-02 -0.03817691926120337 -0.00011206831173182774   
24 216 0.9732517707481191 3.580136941867028 -0.04529797672121773 -4.3938249651772857e-02 -0.023997717118512202 -0.0015555398458780012   
25 225 0.9564751238878447 3.678166912915444 -0.04529797672121773 -4.5269242863457695e-02 -0.027950553852350055 -0.00010894308535541741   
26 234 0.8633422083669278 3.744212566183205 -0.04529797672121773 -4.4378000326177461e-02 -0.035393512768372354 -0.0007408057036940308   
27 243 0.8347576819987823 3.803945018989725 -0.04529797672121773 -4.4106621467640134e-02 -0.02370041246111393 -0.006006214046012787   
28 252 0.8156213190428144 3.8355001090429752 -0.04529797672121773 -4.5253774562897434e-02 -0.03148915429734521 -0.00010854726423542571   
29 261 0.7542929695052165 3.7808650026133552 -0.04529797672121773 -4.4499894734525536e-02 -0.03806495487264415 -0.0012385450147715527   
30 270 0.6862355761693387 4.197228228526706 -0.04529797672121773 -4.4637188457997731e-02 -0.0240930027007088 -0.006614043554404092   
31 279 0.6427559271121664 4.384782213617771 -0.04529797672121773 -4.5252092035352340e-02 -0.034919883212058675 -0.00011037460542684396   
32 288 0.6952166960772305 4.3904698622400895 -0.04529797672121773 -4.2933842805128380e-02 -0.031825522682757526 -0.001228022053416683   
33 297 0.7099635975794726 4.250199061866114 -0.04529797672121773 -4.5082865151160695e-02 -0.023668104673052 -0.0016752632169162451   
34 306 0.707862406427656 4.506648805928911 -0.04529797672121773 -4.5281031314151121e-02 -0.03510387446157513 -0.0001088062523338651   
35 315 0.771273107467837 4.480286024719722 -0.04529797672121773 -4.2916803644570567e-02 -0.024247731854643795 -0.0015562731068733404   
36 324 0.9026675656810367 5.334756418598722 -0.04529797672121773 -4.5065806573788905e-02 -0.027857247079839303 -0.00010936368793276752   
37 333 0.9892268359698306 6.068850557642007 -0.04529797672121773 -4.5294294943883637e-02 -0.03772581530704834 -0.000728508175272452   
38 342 1.0990517453446125 6.1394345383046804 -0.04529797672121773 -4.4082954870133736e-02 -0.02421622537492618 -0.006855643177031551   
39 351 1.0594733817611657 6.283796174562195 -0.04529797672121773 -4.5254583750947167e-02 -0.03170117073231615 -0.00011931557528360726   
40 360 0.9296302720260621 5.829442410644551 -0.04529797672121773 -4.4505693438956176e-02 -0.03777263388130257 -0.0007296364027210289   
41 369 0.9790266889232904 6.215661129533384 -0.04529797672121773 -4.4719981922223026e-02 -0.02332943021713521 -0.006138453409562705   
42 378 1.0348275270295377 6.23307694112803 -0.04529797672121773 -4.5254148001469513e-02 -0.03160548037686314 -0.00013133425665401433   
43 387 0.9449284844795901 5.7648826498121055 -0.04529797672121773 -4.1434558864381146e-02 -0.0316601812584488 -0.0012207105512075656   
44 396 0.9865700766704076 6.523518095287848 -0.04529797672121773 -4.4641929430472668e-02 -0.023764735376764934 -0.002443884873467278   
45 405 1.031172808616508 7.091071817474567 -0.045304251764513234 -4.5304251764513234e-02 -0.03496573941452902 -0.00013229396457900555   
46 414 0.9602352759471882 7.3994989211369795 -0.045304251764513234 -4.2935858373520056e-02 -0.031928827582815095 -0.0015537222374121251   
47 423 1.0091922231069888 7.033165113778111 -0.045304251764513234 -4.5086206230812415e-02 -0.02798893052059881 -0.0019939599379197037   
48 432 1.1154899257736202 7.0227325458603636 -0.045304251764513234 -4.5255069809634688e-02 -0.037718753174123126 -0.00010419402751968287   
49 441 1.0535383800469578 7.023535700013665 -0.045304251764513234 -4.3901563399790122e-02 -0.02422940204612764 -0.0015499192648932847   
50 450 1.1275987189141128 6.817142752205997 -0.04530934391584231 -4.5309343915842307e-02 -0.02779417174190095 -0.00010717603762841477   
51 459 1.1198069542340008 6.623683874878897 -0.04530934391584231 -4.4390109233693270e-02 -0.03509819923072238 -0.0007328056357622514   
52 468 1.0783952021055003 6.190130489773625 -0.04530934391584231 -4.3826004529604973e-02 -0.023655443079629107 -0.005938297726541697   
53 477 1.1917359321942032 6.035704798735015 -0.04530934391584231 -4.5278298515752879e-02 -0.03162481518538342 -0.00010844577337060235   
54 486 1.3204937013433706 6.2499472278652055 -0.04530934391584231 -4.4366388460607906e-02 -0.03776768929225921 -0.0012185916552296394   
55 495 1.190588907330973 7.221294112564054 -0.04530934391584231 -4.4717891550088484e-02 -0.024136809705134044 -0.006232674937586419   
56 504 1.2901070716698169 7.439925446607266 -0.04530934391584231 -4.5281509924995494e-02 -0.03509602176102096 -0.00010772934387470734   
57 513 1.4374510307609674 9.419280251767205 -0.04530934391584231 -4.3085150846311843e-02 -0.03190128513394974 -0.0012275768708204238   
58 522 1.395591228426994 9.251031320642737 -0.04530934391584231 -4.5122107324653687e-02 -0.023768681280093407 -0.002187146789985911   
59 531 1.455661741437005 9.231079383012545 -0.04530934391584231 -4.5271671370355135e-02 -0.03506863963263297 -0.00010676156335268083   
60 540 1.5805446416613207 8.849062438732762 -0.04530934391584231 -4.2883086113820509e-02 -0.02406147806718456 -0.001547990876797023   
61 549 1.5124357962921933 8.989482371367219 -0.04530934391584231 -4.5142444113605476e-02 -0.027996263864333792 -0.00012104070369969855   
62 558 1.6351131837140926 8.721901748931138 -0.04530934391584231 -4.5262851623361355e-02 -0.03780879440806803 -0.0007345211365593074   
63 567 1.75321544899962 8.255899247110838 -0.04530934391584231 -4.4000622435982864e-02 -0.024210929884875276 -0.006980698679129038   
64 576 1.7079858881808756 8.204737583789875 -0.04530934391584231 -4.5257535215539560e-02 -0.031733783649807557 -0.00011267136406270528   
65 585 1.6926195860215354 8.59643343351048 -0.04530934391584231 -4.4499294464294709e-02 -0.03785134169234525 -0.0007495047992346349   
66 594 1.5307684239621608 9.057183733829165 -0.04530934391584231 -4.4771147830402147e-02 -0.023667885576740516 -0.006093341376363054   
67 603 1.8936592539265353 9.038365828201757 -0.04530934391584231 -4.5296294987501151e-02 -0.03154324586012022 -0.00010823485262165256   
68 612 2.083484794219349 9.302205004571134 -0.04530934391584231 -4.1537788560238473e-02 -0.03156229496806166 -0.0012143637554550557   
69 621 2.409130288558976 8.724302148068402 -0.04530934391584231 -4.4620658706776214e-02 -0.02365914960363716 -0.0024583551389813774   
70 630 2.732838773700403 8.390573722791235 -0.04530934391584231 -4.5278995350334611e-02 -0.03515370418604369 -0.00013410219984599792   
71 639 2.983017133572332 9.325240393264291 -0.04530934391584231 -4.2892237765862193e-02 -0.03157879259310396 -0.0015551847857033507   
72 648 3.451864080641983 8.825543128871379 -0.04530934391584231 -4.5129574173767589e-02 -0.027950020729115274 -0.0019095202240093367   
73 657 3.0949209693825175 8.473954786829742 -0.04530934391584231 -4.5294856154690907e-02 -0.037763030773652465 -0.00010490484751141116   
74 666 2.9512864662507288 8.497438324852098 -0.04530934391584231 -4.3970804727406471e-02 -0.02417721472248413 -0.0016048675970574688   
75 675 2.8564886962402234 8.689499278592708 -0.04530934391584231 -4.5249888984316616e-02 -0.02807576623940479 -0.00011267269825951387   
76 684 2.4214828399159427 8.226150183150638 -0.04530934391584231 -4.4337489735866292e-02 -0.03511268606611212 -0.0007486065421458965   
77 693 2.0783322332832865 8.189664701756955 -0.04530934391584231 -4.3998003417012752e-02 -0.023605463990599984 -0.006312876431731951   
78 702 1.9949885085412233 8.083244688726012 -0.04530934391584231 -4.5258677047976745e-02 -0.031611794325311846 -0.00010821759578585888   
79 711 2.049248203700377 7.7927715995105595 -0.04530934391584231 -4.4394301826117269e-02 -0.037764423766687094 -0.0012207195886504985   
80 720 2.0398007925425965 8.271654410088058 -0.04530934391584231 -4.4701862263353737e-02 -0.024483061903237263 -0.006485055366383968   
81 729 1.9813761757284003 8.541438454171939 -0.04530934391584231 -4.5237169086737347e-02 -0.03504072601787274 -0.00011016850002440459   
82 738 1.9592911601343344 7.7256607206789845 -0.04530934391584231 -4.2955881069221061e-02 -0.03158975227158495 -0.0012268170901715836   
83 747 1.9102951946570554 8.2222282948982 -0.04530934391584231 -4.5142760007551588e-02 -0.023527902275858187 -0.002707739815042909   
84 756 1.96504276879252 8.667143488674931 -0.04531403818751392 -4.5314038187513922e-02 -0.034787063962819206 -0.00010415035108207737   
85 765 2.1212300902758994 9.250899206220453 -0.04531403818751392 -4.2914338912495881e-02 -0.024165597376979486 -0.001564568400762606   
86 774 2.1444853717677668 8.697400527146211 -0.04531403818751392 -4.5071641155863429e-02 -0.027935548602859905 -0.00010670220139033515   
87 783 2.112532762405555 8.611201049988 -0.04531403818751392 -4.5289847031072500e-02 -0.037687502875178955 -0.0007584624518321148   
88 792 2.013637218079803 9.08026981685257 -0.04531403818751392 -4.3903472641621949e-02 -0.023986913833261236 -0.0072426739696229425   
89 801 2.1800901944091073 9.427541651351094 -0.04531403818751392 -4.5208122267047485e-02 -0.03160454983774014 -0.0001386023049179952   
90 810 2.113315205858717 10.077226651357833 -0.04531403818751392 -4.4413478656956606e-02 -0.037644226482637114 -0.0007573595393322308   
91 819 2.21647394354918 10.390456121455625 -0.04531403818751392 -4.4729860112990488e-02 -0.023381811960810933 -0.00602947262035658   
92 828 2.3524874780296217 10.852593237619939 -0.04531403818751392 -4.5289615362194308e-02 -0.0316816257137066 -0.00013231553795720052   
93 837 3.0802153828586154 10.815119097189163 -0.04531403818751392 -4.1576477508251664e-02 -0.03185712824419361 -0.0012183201061504723   
94 846 3.452752142732671 10.237314520914632 -0.04531403818751392 -4.4624505639550768e-02 -0.023401075935710836 -0.0018568543421673411   
95 855 4.269429545888942 10.321174113271507 -0.04531403818751392 -4.5239586971850640e-02 -0.0351075933274962 -0.0001040823043654826   
96 864 4.599625696112227 11.042029693810111 -0.04531403818751392 -4.2849556252253312e-02 -0.03149846310590723 -0.0015459069685558324   
97 873 5.72763880100342 11.213613814677114 -0.04531403818751392 -4.5160120497283726e-02 -0.027930895840573067 -0.00250125813649682   
98 882 5.646336621744822 11.122519072421916 -0.04531403818751392 -4.5264095681645258e-02 -0.03767494038382729 -0.00010392592503849496   
99 891 6.049543445253967 10.84550611067238 -0.04531403818751392 -4.3967993371748323e-02 -0.024018910982714498 -0.0015456138290944055   
100 900 6.3732213039579175 12.17759343076342 -0.04531403818751392 -4.5165573129379438e-02 -0.02808143380548256 -0.00010470310549054451   
101 909 6.1383083796167295 11.42392708816858 -0.04531403818751392 -4.4428256300223068e-02 -0.03515684024320788 -0.0007667080221927247   
102 918 6.871515176051789 10.568548113452962 -0.04531403818751392 -4.3892818808413933e-02 -0.023926457668515172 -0.006000014191090947   
103 927 6.740699336114193 12.712557067517942 -0.04531403818751392 -4.5255097876749764e-02 -0.03164359458421517 -0.00010661729238986561   
104 936 6.739832908878367 12.570780959013144 -0.04531403818751392 -4.4348561695066652e-02 -0.03785749503628286 -0.0012242286995026996   
105 945 6.265904580072017 11.479569765428394 -0.04531403818751392 -4.4642865309684421e-02 -0.02370542324874192 -0.006169188503112599   
106 954 6.119601746150275 11.319265632092042 -0.04531403818751392 -4.5266891576117088e-02 -0.035157355956998135 -0.00013189796120458008   
107 963 6.004962675586796 12.141371893326477 -0.04531403818751392 -4.2703621644776743e-02 -0.03165198739145905 -0.0012168806690345535   
108 972 6.462965161440352 12.29991111950843 -0.04531403818751392 -4.5071937434806086e-02 -0.023529975674932424 -0.0023414661017974736   
109 981 7.9531528652572385 12.306961695772303 -0.04531403818751392 -4.5295931255034116e-02 -0.034943759957936416 -0.00010467189271962107   
110 990 9.481923072811998 11.827384763834937 -0.04531403818751392 -4.2850573587115026e-02 -0.024322687768821183 -0.0015462152337469837   
111 999 10.234558252850386 11.603698627403848 -0.04531403818751392 -4.5097245868949573e-02 -0.028035677301947212 -0.00013096453608071879   
112 1008 9.18312356589885 11.244261059092683 -0.04531403818751392 -4.5265063025383412e-02 -0.03775683399632919 -0.0007264031720615738   
113 1017 9.124820032908202 10.170179251759176 -0.04531403818751392 -4.3903839451828755e-02 -0.02401785293247552 -0.007043835439887541   
114 1026 8.927772680065122 9.720747035569092 -0.04531403818751392 -4.5257599811578619e-02 -0.031675745791706164 -0.0001313057396328532   
115 1035 7.631498776078551 10.515859248081705 -0.04531403818751392 -4.4488066021674905e-02 -0.037698242009552296 -0.0007590112726133802   
116 1044 7.204975145591208 11.596910382759644 -0.04531403818751392 -4.4745007214215163e-02 -0.023242301584907976 -0.006020362811338692   
117 1053 6.5203723638766595 10.85260747565506 -0.04531403818751392 -4.5277711385797267e-02 -0.03166352793491757 -0.0001055168907939108   
118 1062 6.353500415179172 10.672904222067569 -0.04531403818751392 -4.1442429300939707e-02 -0.03169464636863245 -0.0012236916908120177   
119 1071 7.223896383683422 10.568736581313312 -0.04531403818751392 -4.4718805830718605e-02 -0.023530045714036496 -0.0022690960775890445   
120 1080 8.492669679841391 8.594144939582854 -0.04531403818751392 -4.5288788292156740e-02 -0.034720237501083676 -0.0001106143069247445   
121 1089 9.17518707697605 8.222359205654298 -0.04531403818751392 -4.2837093033406867e-02 -0.031685679140405654 -0.0015530103583936694   
122 1098 10.654458045351733 8.903393468665485 -0.04531403818751392 -4.5041506115763158e-02 -0.027979447972130936 -0.0023638364279543467   
123 1107 12.531487276196678 10.196997417191811 -0.04531403818751392 -4.5238913732821226e-02 -0.03773527063857343 -0.00013634660103045704   
124 1116 14.027530904450408 10.789072926902058 -0.04531403818751392 -4.3959454057822381e-02 -0.024307857167669422 -0.0015589302511892777   
125 1125 14.46635949086348 9.78580637469048 -0.04531403818751392 -4.5240862170175547e-02 -0.027740046411614858 -0.00012136966721051912   
126 1134 13.689460833345482 9.809654693265523 -0.04531403818751392 -4.4395479313885322e-02 -0.03480732502857266 -0.000724359810194003   
127 1143 16.168980671410125 10.010096884085991 -0.04531403818751392 -4.3931349106891712e-02 -0.023290624092937195 -0.006004195409864327   
128 1152 16.528231372935103 9.64643350752336 -0.04531403818751392 -4.5246613330933674e-02 -0.03164917956349533 -0.0001045626912248021   
129 1161 18.019491300676407 9.440812299066488 -0.04531403818751392 -4.4422479455911046e-02 -0.037725739711034226 -0.0012268184218200695   
130 1170 17.89721847875181 8.887361176549497 -0.04531403818751392 -4.4624883949764396e-02 -0.024154634488297494 -0.0058327558013047676   
131 1179 20.887800753052236 8.66645311040555 -0.04531403818751392 -4.5229101997142626e-02 -0.03507412716465476 -0.00012981145309257092   
132 1188 21.831360233313845 8.757078758681729 -0.04531403818751392 -4.2803221947600584e-02 -0.031683844765499264 -0.0012167402583980191   
133 1197 19.334194292145078 9.058778016228736 -0.04531403818751392 -4.5031893655046465e-02 -0.023134395101742172 -0.0022551746613621304   
134 1206 19.10412881393416 8.904266566480329 -0.04531403818751392 -4.5274469381613572e-02 -0.0350768867813253 -0.00011406841107894361   
135 1215 19.736188855152154 8.942177866636527 -0.04531403818751392 -4.2817799174152738e-02 -0.024143597946522516 -0.0015428477692880083   
136 1224 18.58661743288305 9.692851096661336 -0.04531403818751392 -4.5043153107432801e-02 -0.028036366479115532 -0.0001360161720655173   
137 1233 19.8456960887013 9.630689729197343 -0.04531403818751392 -4.5198377488129521e-02 -0.037920857975797764 -0.000731257505526689   
138 1242 21.240326214159463 9.276253549880405 -0.04531403818751392 -4.3937585317159522e-02 -0.024183808384097977 -0.007048458522532497   
139 1251 22.925565246126485 9.022470283884083 -0.04531403818751392 -4.5220870808138205e-02 -0.031581647886513894 -0.00010428293613898298   
140 1260 23.19896613170307 9.240482998607584 -0.04531403818751392 -4.4368529202444398e-02 -0.037761191416199144 -0.0007335476553567422   
141 1269 22.13686762269334 9.097826947048416 -0.04531403818751392 -4.4685002862481837e-02 -0.023421993619287623 -0.0056663920650027455   
142 1278 22.20613206288488 9.490712726555097 -0.04531403818751392 -4.5241730744742345e-02 -0.03159043021304685 -0.00010613844064688571   
143 1287 19.895244400969656 9.955238707340918 -0.04531403818751392 -4.1382401586935902e-02 -0.03172384178023878 -0.0012260685249666503   
144 1296 17.843826476349136 9.635870269745949 -0.04531403818751392 -4.4668735577222840e-02 -0.023119358913141014 -0.0026542311671568786   
145 1305 18.375257626604693 9.362934244659726 -0.04531403818751392 -4.5246230775344898e-02 -0.03501403736312504 -0.00010513453439495168   
146 1314 20.289046384446067 10.07963689617982 -0.04531403818751392 -4.2855840563714873e-02 -0.031646906571093175 -0.0015520426718292624   
147 1323 21.308917829396176 9.825182575278006 -0.04531403818751392 -4.5058730558255558e-02 -0.027963491674358215 -0.002306442763578026   
148 1332 19.003996142328884 10.265030544686374 -0.04531403818751392 -4.5262544319223552e-02 -0.037728621218692304 -0.00013403799417943674   
149 1341 19.95956103492419 10.787368538615311 -0.04531403818751392 -4.3940038051615851e-02 -0.02411577684855659 -0.0015762118981086926   
150 1350 19.601876202110173 10.272773287220302 -0.04531403818751392 -4.5249374496730208e-02 -0.028025992280758666 -0.00010406246480651471   
151 1359 20.506010382680117 10.085757711371153 -0.04531403818751392 -4.4381347995620143e-02 -0.03506743457485098 -0.0007555892921410623   
152 1368 19.468749036909447 9.91252176673183 -0.04531403818751392 -4.3895341663224147e-02 -0.0234890769978994 -0.0061236834467872925   
153 1377 20.321273823396993 11.025006160640444 -0.04531403818751392 -4.5243415659031644e-02 -0.03171067197300102 -0.00011202945329238934   
154 1386 22.71390622832664 10.698884827362978 -0.04531403818751392 -4.4396514745664667e-02 -0.037903496760448824 -0.0012018457753891765   
155 1395 23.38676138147972 11.525959447594865 -0.04531403818751392 -4.4695002445656926e-02 -0.024229919861761345 -0.0064354651490479975   
156 1404 24.23985862270966 11.598420537893817 -0.04531403818751392 -4.5215082235836701e-02 -0.035230371037555844 -0.00011116046765696774   
157 1413 27.316697894585538 11.320704778642394 -0.04531403818751392 -4.2843706744267351e-02 -0.031712763803475014 -0.0012275343625969548   
158 1422 29.293172852166965 11.544773629353047 -0.04531403818751392 -4.5049588266728863e-02 -0.02367683288156458 -0.0009870394153349837   
159 1431 27.81159803755728 12.717473215652612 -0.04531403818751392 -4.5291487254777538e-02 -0.03511659194802598 -0.00012807072538945086   
160 1440 26.365723188116952 13.715043886159297 -0.04531403818751392 -4.2961038229998361e-02 -0.02427089087600892 -0.00155473952160895   
161 1449 23.307146324391532 14.520617704538813 -0.04531403818751392 -4.5068448223300125e-02 -0.028097533480239065 -0.00010904552123033873   
162 1458 25.473078825038243 14.424715019928797 -0.04531403818751392 -4.5251190194796301e-02 -0.0378047119016591 -0.0007364998181036142   
163 1467 26.614206924585336 17.818570724383296 -0.04531403818751392 -4.3934465646658760e-02 -0.024159241592439484 -0.006802400076572984   
164 1476 22.66667242406619 18.64758023754853 -0.04531403818751392 -4.5288900337270024e-02 -0.03159956248504901 -0.00010749788844433006   
165 1485 20.309851533277364 19.023797633789023 -0.04531403818751392 -4.4334129060615540e-02 -0.037726144351680355 -0.0007505767489675019   
166 1494 21.046697133704942 19.507808232884933 -0.04531403818751392 -4.4672519912728290e-02 -0.023485096062683924 -0.0058515606600128   
167 1503 21.81130693794623 18.025965439603382 -0.04531403818751392 -4.5268446987077951e-02 -0.03159677767301741 -0.00010574559514273107   
168 1512 22.293017700512095 17.361488281444245 -0.04531403818751392 -4.1475327506118195e-02 -0.03147382722623024 -0.0012130321278635836   
169 1521 22.086176144716433 18.325433122417497 -0.04531403818751392 -4.4701404351245713e-02 -0.023479651192037487 -0.0024072683895131064   
170 1530 20.493579913267972 19.09944013421017 -0.045374402226125723 -4.5374402226125723e-02 -0.03512447500201635 -0.00013387550320720365   
171 1539 19.48619201633768 19.851957319189918 -0.045374402226125723 -4.2890373927134309e-02 -0.03195229171206759 -0.0015446596907615628   
172 1548 18.439750571718015 19.808933201702686 -0.045374402226125723 -4.5059797756827655e-02 -0.027934128465673738 -0.0017208522533914694   
173 1557 19.024505643125895 21.41030692083572 -0.045374402226125723 -4.5281498392528902e-02 -0.037802593978386353 -0.00013742435562463795   
174 1566 18.304147007417807 24.38669279746529 -0.045374402226125723 -4.4059059240446730e-02 -0.024216342145780723 -0.0015430252890229479   
175 1575 16.587704018888502 25.086519458417968 -0.045374402226125723 -4.5239438301853702e-02 -0.02808970791108753 -0.00013764184143658098   
176 1584 15.448856422763196 23.88039580526357 -0.045374402226125723 -4.4397404392874706e-02 -0.03503948183226982 -0.0007538311931648001   
177 1593 14.599223014095898 22.737067625332635 -0.045374402226125723 -4.3937243664389294e-02 -0.023446538075454743 -0.006045881279641396   
178 1602 13.41410860528042 24.436469894789095 -0.045374402226125723 -4.5255479364424700e-02 -0.03153137655318736 -0.00010432875384974727   
179 1611 12.009505046895134 21.374038292988025 -0.045374402226125723 -4.4372952975885741e-02 -0.03766048196692458 -0.0012212637764731638   
180 1620 12.38185514211638 21.901288259989858 -0.045374402226125723 -4.4679789976574361e-02 -0.02407263115183214 -0.005868344539941395   
181 1629 14.065740924429669 23.138288140969895 -0.045374402226125723 -4.5236513019165828e-02 -0.034884686756406824 -0.0001100320717192238   
182 1638 18.07775865094834 23.143254782311807 -0.045374402226125723 -4.2938673361548010e-02 -0.03188191750744619 -0.0012129979635348842   
183 1647 19.983174845093046 23.21345779448096 -0.045374402226125723 -4.5051786337571190e-02 -0.023491547194560813 -0.001200704974512662   
184 1656 21.135030796143646 23.467552386042367 -0.045374402226125723 -4.5289487432520009e-02 -0.034980942314305125 -0.00010686176258750679   
185 1665 23.34711627666289 21.820678110543952 -0.045374402226125723 -4.2898455061832819e-02 -0.02404361249590009 -0.001551011911998551   
186 1674 22.357762596025072 25.335778487308406 -0.045374402226125723 -4.5096026819214305e-02 -0.028012064564199787 -0.00010931644881720382   
187 1683 21.16726939212353 25.525638389000697 -0.045374402226125723 -4.5251799796264022e-02 -0.037593191380712 -0.0007233936442972433   
188 1692 22.258485526831677 23.648272542956516 -0.045374402226125723 -4.3988923447960404e-02 -0.02397727786526238 -0.006833016932140251   
189 1701 22.16242224721051 21.436528018043457 -0.045374402226125723 -4.5246669135135656e-02 -0.03178594818549911 -0.00010955526753847478   
190 1710 22.484392096502955 21.94813329648245 -0.045374402226125723 -4.4300195184439381e-02 -0.037579662270260605 -0.0007527874291670122   
191 1719 24.201658257696202 24.554767982870924 -0.045374402226125723 -4.4793324552909131e-02 -0.023408559587216216 -0.006234498153416063   
192 1728 20.921115900779796 22.987432206737246 -0.045374402226125723 -4.5256254513739408e-02 -0.031568508189784655 -0.00010390158153172901   
193 1737 23.091479099118494 22.415311244650816 -0.045374402226125723 -4.1476471072997692e-02 -0.031785814267502724 -0.0012189165004258817   
194 1746 26.39366477377747 22.515843458210256 -0.045374402226125723 -4.4760885749578913e-02 -0.023537685581083212 -0.0009375364134500686   
195 1755 30.360296313771595 25.25404472799343 -0.045374402226125723 -4.5304292977120394e-02 -0.03506920923627942 -0.00010444815102533811   
196 1764 30.94450225825617 27.75036533355036 -0.045374402226125723 -4.2803769482476425e-02 -0.03151621276052366 -0.0015617144065272759   
197 1773 28.79062988434289 27.46463307849509 -0.045374402226125723 -4.5046511094785968e-02 -0.02793126437548099 -0.0022149960285755554   
198 1782 31.043084574112598 24.935603903363717 -0.045374402226125723 -4.5264144400555678e-02 -0.037789704771015065 -0.00010960132608475726   
199 1791 34.719253877537255 22.473417943820678 -0.045374402226125723 -4.3939425617598893e-02 -0.024096097728703608 -0.0015500935751457667   
200 1800 39.13857340329881 21.092056600044085 -0.045374402226125723 -4.5247821668603028e-02 -0.02797092679340607 -0.00010789479627029697   
201 1809 48.87224010080085 21.497130019348255 -0.045374402226125723 -4.4346421655649948e-02 -0.03479588813650018 -0.0007556011855840428   
202 1818 51.37276219674272 22.884553698233244 -0.045374402226125723 -4.3967002242453715e-02 -0.023319837018840828 -0.00631129804817776   
203 1827 49.324300641878175 22.82454130018548 -0.045374402226125723 -4.5265800433170883e-02 -0.03162463050971526 -0.00010595339698937778   
204 1836 45.85373794726682 21.12471466128214 -0.045374402226125723 -4.4423652199527694e-02 -0.03766846286563319 -0.0012175882384074799   
205 1845 52.28162492589364 20.821292726248252 -0.045374402226125723 -4.4634263601349852e-02 -0.024257699061760396 -0.006087673364925855   
206 1854 61.57644035349638 22.071657454157755 -0.045374402226125723 -4.5228124455274493e-02 -0.03506644501781932 -0.00013788989934535034   
207 1863 67.05372116762652 21.73605935660917 -0.045374402226125723 -4.2993620426976797e-02 -0.03158607865446679 -0.0012129103938990915   
208 1872 71.51501173667023 22.44647604969587 -0.045374402226125723 -4.5069702906136572e-02 -0.023542456299347564 -0.002545730434152904   
209 1881 68.16457379889721 24.072332994815525 -0.045374402226125723 -4.5248002142821375e-02 -0.0350388264392639 -0.00011179296257790572   
210 1890 64.34614184184105 24.02313261069153 -0.045374402226125723 -4.2849893983279277e-02 -0.023874977479773046 -0.0015417585565924985   
211 1899 55.6448793532022 26.283429278212633 -0.045374402226125723 -4.5079352589548233e-02 -0.02767833854079152 -0.00011110394478305863   
212 1908 52.16075641106042 26.36258128498428 -0.045374402226125723 -4.5295037107013950e-02 -0.0378391876367411 -0.0007266555342027026   
213 1917 51.41201402019518 25.368847692510286 -0.045374402226125723 -4.3866198582216465e-02 -0.024128189249435356 -0.007005953995593062   
214 1926 51.008777553142366 24.674570963535515 -0.045374402226125723 -4.5265787088782955e-02 -0.03166808570279378 -0.00010372661797045102   
215 1935 43.298525888456425 24.135594082204335 -0.045374402226125723 -4.4383262930682787e-02 -0.03764951528290915 -0.0007584965640792529   
216 1944 46.59627743788512 24.95105914596658 -0.045374402226125723 -4.4655892942234460e-02 -0.023605057140771962 -0.006165181939415398   
217 1953 46.903192052559106 23.444623338325087 -0.045374402226125723 -4.5238134115498263e-02 -0.03159007761834033 -0.00010474064848739473   
218 1962 48.960317930381535 28.23087746658062 -0.045374402226125723 -4.1647438625412703e-02 -0.03164157993642974 -0.0012093678991881573   
219 1971 45.462677263941025 27.790682928272176 -0.045374402226125723 -4.4583629718542031e-02 -0.023547944602388737 -0.0018029698923131277   
220 1980 43.471291938516345 28.07480208691156 -0.045374402226125723 -4.5219314918356998e-02 -0.03503915739275115 -0.00011108517755875624   
221 1989 42.63197818325278 29.682509297931333 -0.045374402226125723 -4.2804650294767946e-02 -0.031594367259485584 -0.0015580534042587135   
222 1998 50.52402644470567 32.07934835137065 -0.045374402226125723 -4.5036318287101251e-02 -0.027897009511060417 -0.0022158572073391336   
223 2007 52.755763022989775 34.70726082260711 -0.045374402226125723 -4.5307417846204498e-02 -0.03772195858366158 -0.000104233458291636   
224 2016 51.45177151686468 36.35722930341934 -0.045374402226125723 -4.3933314516397856e-02 -0.02400873938079573 -0.00154596504225063   
225 2025 55.77485538475674 36.46234728934435 -0.045374402226125723 -4.5274332539592677e-02 -0.028027943706562933 -0.00013085665645579114   
226 2034 55.7290263706588 34.204586773375965 -0.045374402226125723 -4.4387149954697447e-02 -0.03466331393762974 -0.0007469460152298157   
227 2043 52.710917615087055 34.416870237996925 -0.045374402226125723 -4.3974339065844095e-02 -0.023283668079588787 -0.006198098119159001   
228 2052 48.20917846255972 35.52453247955651 -0.045374402226125723 -4.5252460419565516e-02 -0.03157348155697284 -0.00013149175617391262   
229 2061 52.598296445519054 35.77470382698128 -0.045374402226125723 -4.4365428748310870e-02 -0.03768334334092034 -0.0012199629249391442   
230 2070 50.56291052865985 37.15595154234216 -0.045374402226125723 -4.4668760876537442e-02 -0.024067050426453657 -0.0062576268049743256   
231 2079 53.5425750609439 38.225354323495296 -0.045374402226125723 -4.5200626627656407e-02 -0.035063164562770546 -0.00010632056625287101   
232 2088 59.26282511835335 41.8643203429956 -0.045374402226125723 -4.2822921803444811e-02 -0.031609876785096844 -0.00121816858463622   
233 2097 65.40673954444834 44.151611937304246 -0.045374402226125723 -4.5032999338138979e-02 -0.02346147939411844 -0.001995022619438097   
234 2106 66.28736509119993 47.54429583867153 -0.045374402226125723 -4.5237371947631985e-02 -0.035099257506815806 -0.00012550243901821023   
235 2115 66.90803239269961 46.037370556813265 -0.045374402226125723 -4.2867202650835781e-02 -0.024374782702326847 -0.0015407264434893209   
236 2124 73.49843992707476 47.32617191313417 -0.045374402226125723 -4.5075697510924315e-02 -0.02819926376099756 -0.00010918567549900171   
237 2133 70.76562419587192 47.32194388698643 -0.045374402226125723 -4.5231537070422018e-02 -0.03775964340099511 -0.0007252027153393792   
238 2142 75.62734212673026 47.91467637444303 -0.045374402226125723 -4.3934922959332046e-02 -0.023716018997680555 -0.007043510654062418   
239 2151 76.88053719766883 52.84260767330262 -0.045374402226125723 -4.5229860493608429e-02 -0.03165999780212765 -0.00010424564178540541   
240 2160 71.53145873398545 55.15716783900226 -0.045374402226125723 -4.4403973219517764e-02 -0.03764636362658279 -0.0007356148008949293   
241 2169 58.76797804931652 59.84842278385341 -0.045374402226125723 -4.4699258369155351e-02 -0.023456878308905665 -0.006200615615520461   
242 2178 55.597822331728665 58.80210310855542 -0.045374402226125723 -4.5247380629728814e-02 -0.031462462987041945 -0.00010947830146668114   
243 2187 61.34531001085448 63.431976673428935 -0.045374402226125723 -4.1590695752531603e-02 -0.031937215291122326 -0.0012238860101111415   
244 2196 67.73455067581455 71.56236927563133 -0.045374402226125723 -4.4738758528064845e-02 -0.023307503840646004 -0.001972377871765907   
245 2205 70.0724957253213 72.3701680292377 -0.045374402226125723 -4.5259011564265705e-02 -0.035041903706473754 -0.00010603528149044639   
246 2214 74.6903475601396 81.59948233290972 -0.045374402226125723 -4.2794253557305290e-02 -0.03164105959621079 -0.0015445569087887134   
247 2223 88.02925906324336 84.71901972018782 -0.045374402226125723 -4.5096170936351487e-02 -0.028046986909615407 -0.0022257584679162556   
248 2232 88.66775954716762 90.70421581747867 -0.045374402226125723 -4.5259015865868085e-02 -0.03772776757050175 -0.00010563780737959938   
249 2241 86.60403390264003 88.0420413441124 -0.045374402226125723 -4.3906684725779188e-02 -0.02405960112551178 -0.0015504870826993644   
250 2250 81.93935831535397 85.19886218050328 -0.045374402226125723 -4.5245105318534512e-02 -0.02777737727400975 -0.00010778284038753805   
251 2259 76.54053691208351 88.96779291536393 -0.045374402226125723 -4.4372593986877346e-02 -0.035083516336043535 -0.0007248550766408846   
252 2268 71.9156531615865 96.04858562083382 -0.045374402226125723 -4.3934737201372226e-02 -0.023501197478963926 -0.005960673750895484   
253 2277 70.89931660540815 99.7419716770308 -0.045374402226125723 -4.5249628418586665e-02 -0.0316485766063937 -0.00013423135134038588   
254 2286 71.48245863226113 103.59563234622924 -0.045374402226125723 -4.4413100170830375e-02 -0.037862560602731715 -0.0012254922490260167   
255 2295 61.97965978115576 107.25890085145919 -0.045374402226125723 -4.4603557969391847e-02 -0.024053126496527105 -0.006195303477902064   
256 2304 58.1070576308313 107.70574438192698 -0.045374402226125723 -4.5287366996503320e-02 -0.035147129127185026 -0.00010705345586181636   
257 2313 51.10236971641309 105.00314962757145 -0.045374402226125723 -4.2878299382786866e-02 -0.031687461791287244 -0.001218312097360702   
258 2322 46.30451250190618 105.21123430585463 -0.045374402226125723 -4.5064078415376713e-02 -0.023745753644741963 -0.0023554971846738437   
259 2331 41.9159536015131 103.332610485474 -0.045374402226125723 -4.5235306891453705e-02 -0.03505827836061878 -0.00011080308740823996   
260 2340 39.04006667051556 102.45998041126491 -0.045374402226125723 -4.2851611863077926e-02 -0.024285836609327094 -0.001535469195583894   
261 2349 32.92571180225681 104.64994393407164 -0.045374402226125723 -4.5064480909733140e-02 -0.02792162023363745 -0.00010452591785556353   
262 2358 31.55620799081616 112.84380129195722 -0.045374402226125723 -4.5241028657158039e-02 -0.03774939015383584 -0.000750634372973874   
263 2367 33.67098486632227 107.82087515187935 -0.045374402226125723 -4.3865862116332657e-02 -0.024384938698625347 -0.006855842764834086   
264 2376 32.69502297988323 113.72245826993895 -0.045374402226125723 -4.5157741403146823e-02 -0.03163881636989066 -0.0001085309375860044   
265 2385 33.52502231638915 141.93490487993802 -0.045374402226125723 -4.4381895828131276e-02 -0.03773171573930588 -0.0007303163477978547   
266 2394 36.25721086035324 148.17062411713275 -0.045374402226125723 -4.4689526856587794e-02 -0.02361401203563887 -0.00618809536272269   
267 2403 46.83031411164438 143.90431945907315 -0.045374402226125723 -4.5235102113608705e-02 -0.03154945341933675 -0.0001353111529760198   
268 2412 57.5830487996884 155.2323815770923 -0.045374402226125723 -4.1530181250018741e-02 -0.031514888574607866 -0.0012071139082464877   
269 2421 64.47542610587696 146.9319447829848 -0.045374402226125723 -4.4685812080928186e-02 -0.023307130686665734 -0.0019398640887358931   
270 2430 74.52348661711879 149.88506741783078 -0.045374402226125723 -4.5299411502321654e-02 -0.0350571950625697 -0.00010679617220063498   
271 2439 73.61157106942991 160.0391909682086 -0.045374402226125723 -4.2903528925853210e-02 -0.0315060713174129 -0.0015623667813641218   
272 2448 68.5879382507479 159.00664650711352 -0.045374402226125723 -4.5063772732098342e-02 -0.028067213866929966 -0.002385669253989142   
273 2457 66.30255906257842 142.91019007603535 -0.045374402226125723 -4.5268314444296798e-02 -0.03783506784125583 -0.0001299601537930184   
274 2466 72.0878246259564 135.3148402781149 -0.045374402226125723 -4.3956269938923542e-02 -0.024249406492200476 -0.0015463327611545952   
275 2475 89.36823178930717 141.73131835622885 -0.045374402226125723 -4.5225858608676728e-02 -0.02817506980802177 -0.00013233492101674682   
276 2484 81.52207189238676 133.96075982945888 -0.045374402226125723 -4.4491993124212301e-02 -0.03497590684243099 -0.0007237703108765314   
277 2493 75.38998704912338 131.06889285798002 -0.045374402226125723 -4.3951553603812379e-02 -0.023388730923217277 -0.005898725091177726   
278 2502 76.05097823116611 127.0013606845218 -0.045374402226125723 -4.5297292414623366e-02 -0.03152483367066501 -0.00010547326632290299   
279 2511 71.73504460802174 121.74180943180026 -0.045374402226125723 -4.4494710998950873e-02 -0.03779509124058705 -0.0012299053655363823   
280 2520 75.34734955618633 122.64749405560902 -0.045374402226125723 -4.4608892385511648e-02 -0.024209532210953483 -0.006411076962241108   
281 2529 81.39848692424911 108.87987590509111 -0.045374402226125723 -4.5278783082861526e-02 -0.035043579648360565 -0.00013541199747860166   
282 2538 76.28562827663939 114.06774867784584 -0.045374402226125723 -4.2921732048561229e-02 -0.031598204321804185 -0.001215908340133992   
283 2547 70.22336768076745 125.1230282191959 -0.045374402226125723 -4.5106363482209644e-02 -0.023263418105503336 -0.0024482847009807407   
284 2556 75.9319389746541 146.72265435511795 -0.045374402226125723 -4.5248702045931066e-02 -0.034980032262927147 -0.0001054022602683391   
285 2565 93.22431784801421 150.78328871797945 -0.045374402226125723 -4.2869694088812707e-02 -0.02409288130067766 -0.0015381643028549719   
286 2574 106.63438729833159 154.87032979724142 -0.045374402226125723 -4.5065560097472007e-02 -0.02807439507947891 -0.00010391593589109682   
287 2583 109.16518519230539 150.75202537943952 -0.045374402226125723 -4.5287175077685093e-02 -0.03779352614224098 -0.0007314673143645201   
288 2592 111.97726062959474 144.9203468760195 -0.045374402226125723 -4.3944712408319819e-02 -0.024283355763752984 -0.007215023531487008   
289 2601 105.592334665308 142.2417443515495 -0.045374402226125723 -4.5268980513960236e-02 -0.031655887361722757 -0.00010902260165265854   
290 2610 102.44524435644728 134.22335703989307 -0.045374402226125723 -4.4446785515831005e-02 -0.03761093474811952 -0.0007252182073517188   
291 2619 105.47022948170127 117.88092192408803 -0.045374402226125723 -4.4674194523456931e-02 -0.023804498271775415 -0.005762108701726332   
292 2628 96.79595593196633 137.09939914901383 -0.045374402226125723 -4.5256920027069061e-02 -0.03169701422220601 -0.000105399892205843   
293 2637 92.04569451422756 139.47715482559067 -0.045374402226125723 -4.1500215745260180e-02 -0.031619066260302156 -0.0012253072307519541   
294 2646 90.08135412435912 133.87030861342265 -0.045374402226125723 -4.4710314626752790e-02 -0.023384909705858575 -0.0019938256774404417   
295 2655 94.27933926774415 131.1494094066267 -0.045374402226125723 -4.5251056603490561e-02 -0.034991009784131305 -0.00010523034232645667   
296 2664 95.90819130959089 130.00642041460438 -0.045374402226125723 -4.2936367961842331e-02 -0.03162125036672496 -0.0015483798836330442   
297 2673 102.72557012625775 142.25380373746583 -0.045374402226125723 -4.5071205059602687e-02 -0.02801607870204942 -0.0015992509615239126   
298 2682 106.63330195568692 145.62405892646927 -0.045374402226125723 -4.5265137873828673e-02 -0.03778259647601262 -0.0001359859313677103   
299 2691 109.40410030276145 141.9526812027801 -0.045374402226125723 -4.3985923572171112e-02 -0.02422333237475449 -0.001534991052954543   
300 2700 93.53268638742139 149.59218532727195 -0.045374402226125723 -4.5300872087291125e-02 -0.027948506336318776 -0.0001044643745824192   
301 2709 91.59049179956064 153.24813415358105 -0.045374402226125723 -4.4361774878727972e-02 -0.035075892597071695 -0.0007324099499350645   
302 2718 105.70103013483555 160.60059561859433 -0.045374402226125723 -4.3959313723379120e-02 -0.023667548447454945 -0.005948145868394539   
303 2727 101.1184078639306 177.89596088961196 -0.045374402226125723 -4.5224342350425870e-02 -0.03155186383945703 -0.0001083385571667983   
304 2736 98.87186398338181 174.9339747002011 -0.045374402226125723 -4.4373480060482973e-02 -0.03785057504199536 -0.0012230701423294188   
305 2745 106.37292758240864 186.5912569850754 -0.045374402226125723 -4.4668862814192065e-02 -0.024197108711624365 -0.005869290782548525   
306 2754 114.01437644089907 188.79655536500076 -0.045374402226125723 -4.5307782648271108e-02 -0.03511199141318007 -0.00010506860997094858   
307 2763 115.67315457520887 187.29027789806838 -0.045374402226125723 -4.2875306312926839e-02 -0.03129326790223001 -0.001215671532213053   
308 2772 116.22147553285352 191.65271182250214 -0.045374402226125723 -4.5062398686684213e-02 -0.023288633973037987 -0.002506154952717443   
309 2781 117.37786118493892 221.5157192732452 -0.045374402226125723 -4.5198930832902703e-02 -0.0349474938382866 -0.00012632876228071965   
310 2790 116.94555055782128 218.87356348239845 -0.045374402226125723 -4.2759858957134897e-02 -0.024181707187492324 -0.0015356273285928035   
311 2799 115.56253989298787 228.59016522181716 -0.045374402226125723 -4.5013559332423111e-02 -0.02783564209021064 -0.00011148417610587491   
312 2808 103.55071610940166 225.0087521821195 -0.045374402226125723 -4.5228762775065545e-02 -0.03775899652323812 -0.0007229839783895464   
313 2817 91.73875339984572 234.33192417588634 -0.045374402226125723 -4.3930757186740693e-02 -0.02424882541272036 -0.007308956749644463   
314 2826 84.11476459303925 221.32641259337777 -0.045374402226125723 -4.5230598734641317e-02 -0.031507397271402324 -0.00010474475488897461   
315 2835 79.93643758812256 222.8607019924478 -0.045374402226125723 -4.4432401720583797e-02 -0.03784813984121142 -0.0007516736797521795   
316 2844 72.64740026927934 225.13470843086418 -0.045374402226125723 -4.4669970638254300e-02 -0.023364147931437124 -0.00570015301752444   
317 2853 65.4604362416522 198.4682639336938 -0.045374402226125723 -4.5280552749222353e-02 -0.03149075010364576 -0.00011176868820400587   
318 2862 66.0123654776073 186.707951416765 -0.045374402226125723 -4.1536109520011161e-02 -0.03166219843814155 -0.0012155491590537804   
319 2871 62.69948379317912 184.80626368779187 -0.045374402226125723 -4.4674537103428960e-02 -0.023847583596608907 -0.002437498342771599   
320 2880 62.78081782686334 188.50998765773582 -0.045374402226125723 -4.5237485649688686e-02 -0.034795571795321015 -0.00013341120694074227   
321 2889 64.7638616486291 181.1797405098603 -0.045374402226125723 -4.2946615617908107e-02 -0.03139038352380388 -0.0015472639185718784   
322 2898 69.2328457057459 179.03673980654995 -0.045374402226125723 -4.5056138816083738e-02 -0.028060746814458262 -0.0018357244758778757   
323 2907 73.77944809932471 198.73000502244744 -0.045374402226125723 -4.5291615495687401e-02 -0.03771711986653867 -0.0001062696345710823   
324 2916 84.24919482466355 209.14760831034408 -0.045374402226125723 -4.3891085218397186e-02 -0.02407024666587565 -0.0015493876458129718   
325 2925 95.69627363609695 232.68716398794876 -0.045374402226125723 -4.5273626692950222e-02 -0.02791084114665536 -0.0001071054795744042   
326 2934 112.34182510126494 253.4090540059574 -0.045374402226125723 -4.4298729314251190e-02 -0.035080216810328885 -0.000736155408683159   
327 2943 102.90783194000878 303.15260755693 -0.045374402226125723 -4.3912469692272221e-02 -0.023766226319337003 -0.006022417718817702   
328 2952 92.62972589775771 328.34590318321114 -0.045374402226125723 -4.5217636000716016e-02 -0.0316739446841422 -0.00010737023801860035   
329 2961 89.77788710668815 312.8885172049801 -0.045374402226125723 -4.4380659745875031e-02 -0.03773165196687797 -0.0012192371776598987   
330 2970 93.77064020229723 322.5669642468197 -0.045374402226125723 -4.4636385174291887e-02 -0.02429240696743401 -0.006277087746727278   
331 2979 98.3698001414813 315.63130795490684 -0.045374402226125723 -4.5279979496327810e-02 -0.03481041217641517 -0.0001062690590479809   
332 2988 97.20537001151337 331.83412644902324 -0.045374402226125723 -4.2812865419390403e-02 -0.03168222369451444 -0.0012182965009696067   
333 2997 86.43988681611297 311.0442835861256 -0.045374402226125723 -4.5068657010058244e-02 -0.023202046765334133 -0.0015545631434971396   
334 3006 107.51619068133508 322.4283282869197 -0.045374402226125723 -4.5263694415849293e-02 -0.03503069113705877 -0.00010449983236870963   
335 3015 110.11910460296305 329.2647406960658 -0.045374402226125723 -4.2877216985783465e-02 -0.024265642505636398 -0.0015510791480435882   
336 3024 104.10704460025003 337.4610217938284 -0.045374402226125723 -4.5066360834683322e-02 -0.027802274995565437 -0.00012981333233758052   
337 3033 103.71376490700541 352.3563649817392 -0.045374402226125723 -4.5226123320709952e-02 -0.037741152073745524 -0.0007290465612712904   
338 3042 100.55792900434199 362.8393033362779 -0.045374402226125723 -4.3894143143576800e-02 -0.024162017126555718 -0.007323742025787894   
339 3051 115.5950293916174 354.72795898978535 -0.045374402226125723 -4.5271359033850517e-02 -0.03170248317650115 -0.0001312618924501907   
340 3060 120.55229794314008 343.98628384959983 -0.045374402226125723 -4.4329531029331543e-02 -0.037729635712900375 -0.0007540182820500174   
341 3069 119.91148829042508 389.5273188919955 -0.045374402226125723 -4.4705821211140501e-02 -0.023633030793698495 -0.006275828005700118   
342 3078 100.87588761776382 359.0636798198074 -0.045374402226125723 -4.5251927945600193e-02 -0.0315205676899635 -0.00010940152487137755   
343 3087 87.78640615629519 362.2213426693014 -0.045374402226125723 -4.1277337149619703e-02 -0.03163978312620992 -0.0012158187769768514   
344 3096 79.78957192519316 392.69286548321395 -0.045374402226125723 -4.4688466737266175e-02 -0.02328925889704156 -0.0020603970677183225   
345 3105 84.28121040720212 380.74257744658195 -0.045374402226125723 -4.5105529350404877e-02 -0.03490576338613513 -0.0001055716602330059   
346 3114 85.23703841003537 420.32238812304695 -0.045374402226125723 -4.2815065766485708e-02 -0.03176028039297789 -0.0015568542570437716   
347 3123 87.22602719038672 419.5600485608309 -0.045374402226125723 -4.5090830520562605e-02 -0.027946176955875507 -0.002334110114189103   
348 3132 78.48066904409339 436.62122448037775 -0.045374402226125723 -4.5232762125905546e-02 -0.03784192938117101 -0.00010996955720354862   
349 3141 73.357559445715 413.6703009781174 -0.045374402226125723 -4.3981087323898896e-02 -0.024329373843992336 -0.0015391287646688012   
350 3150 77.91815249695857 406.3287256026022 -0.045374402226125723 -4.5283439443089768e-02 -0.028001501653404814 -0.00013292101955719726   
351 3159 82.49399092784293 467.67137928903554 -0.045374402226125723 -4.4410199538718359e-02 -0.03500065769249955 -0.0007434793522435035   
352 3168 74.64916700938176 440.04018145127134 -0.045374402226125723 -4.3967746771814392e-02 -0.02352440276638157 -0.006203253988780327   
353 3177 71.88643311573996 448.6039662451606 -0.045374402226125723 -4.5288747012262612e-02 -0.03141948237232693 -0.00010602180212998524   
354 3186 67.15821646942325 437.71430259229305 -0.045374402226125723 -4.4373349791076336e-02 -0.03759827283284295 -0.001225794541538372   
355 3195 63.396099162040294 451.73944039735125 -0.045374402226125723 -4.4731053486152028e-02 -0.023974231571604165 -0.00575635046719114   
356 3204 62.499246915463296 472.8385711666982 -0.045374402226125723 -4.5298505151375998e-02 -0.0350433702204971 -0.00010849760274506126   
357 3213 59.30326663784532 434.20757423749495 -0.045374402226125723 -4.2973310455501193e-02 -0.031913004537188455 -0.0012122195910223843   
358 3222 55.96777307184122 418.34960667808014 -0.045374402226125723 -4.5099306458240396e-02 -0.023387142816912204 -0.0023165384251040977   
359 3231 46.45088581848572 461.81652893400775 -0.045374402226125723 -4.5284941597894354e-02 -0.03504010257157558 -0.00012571072687073137   
360 3240 44.38825700587136 451.13404953725086 -0.045374402226125723 -4.2935545959554011e-02 -0.024242537958123728 -0.001557262199377879   
361 3249 43.66687026602146 476.5781353753018 -0.045374402226125723 -4.5047846492972943e-02 -0.028009188356379014 -0.00010456052870561061   
362 3258 47.634509483007164 490.5472644251663 -0.045374402226125723 -4.5307143787472096e-02 -0.03778914312628244 -0.0007307075108185512   
363 3267 51.68053103452945 455.8400795428729 -0.045374402226125723 -4.3940169403640095e-02 -0.02403386118251563 -0.0068904820278352374   
364 3276 53.287618695944026 424.90916974746375 -0.045374402226125723 -4.5225861160105588e-02 -0.031701202708992404 -0.00011190867298879748   
365 3285 45.92317993811342 415.94912410163363 -0.045374402226125723 -4.4364196000452230e-02 -0.0378169321269292 -0.0007273625832992237   
366 3294 43.546812455345986 390.9467641593631 -0.045374402226125723 -4.4673228608168913e-02 -0.023707442428799658 -0.006048286839208938   
367 3303 42.60367575799134 383.41105962387326 -0.045374402226125723 -4.5278001493254783e-02 -0.031529656834383704 -0.00013166766194294688   
368 3312 45.769115083893716 383.1052136191826 -0.045374402226125723 -4.1547542100548937e-02 -0.03162484287075085 -0.0012159846116213124   
369 3321 52.86935080124337 396.14350940309004 -0.045374402226125723 -4.4684017449335312e-02 -0.02363604435733957 -0.002425812220631096   
370 3330 57.759667164848345 442.30588481266074 -0.045374402226125723 -4.5254408322269526e-02 -0.035127612972396235 -0.00012346786519784603   
371 3339 63.949090671507115 457.70754433125825 -0.045374402226125723 -4.2873980549665347e-02 -0.031892898091969074 -0.0015759667354068863   
372 3348 68.72042212224225 457.6372120265681 -0.045374402226125723 -4.5081625630110631e-02 -0.027824282360377275 -0.0022168707742473703   
373 3357 66.44222297331785 452.0386552837883 -0.045374402226125723 -4.5289428811071494e-02 -0.0376851059679674 -0.00010441151868886833   
374 3366 67.4812055677061 425.36992701109926 -0.045374402226125723 -4.3871131549152398e-02 -0.023812096004705074 -0.001562765016212414   
375 3375 61.474165081100075 456.23961844734265 -0.045374402226125723 -4.5299714127166227e-02 -0.027990996727306205 -0.00011158497641128307   
376 3384 62.42543083004609 426.460317721022 -0.045374402226125723 -4.4261226548281213e-02 -0.03499818844259084 -0.0007285657505749776   
377 3393 60.30276438876102 412.62537761987534 -0.045374402226125723 -4.3922854152138410e-02 -0.02337064580791351 -0.005898621506437496   
378 3402 64.94220695475911 416.4644998554186 -0.045374402226125723 -4.5329581852202719e-02 -0.03160334552408041 -0.00010446116569823305   
379 3411 64.70411360686293 436.50533117353655 -0.045374402226125723 -4.4417456389828025e-02 -0.037789255351048406 -0.0011922729280341715   
380 3420 62.438019344094194 426.4935674616909 -0.045374402226125723 -4.4696092644316343e-02 -0.024198853315652635 -0.006045132844927081   
381 3429 66.06344425777134 435.372434536518 -0.045374402226125723 -4.5245527589974840e-02 -0.034935550547995936 -0.00010481458819461276   
382 3438 70.20755178144464 405.6975726257066 -0.045374402226125723 -4.2922758579032549e-02 -0.03143882078504397 -0.0012241899023553715   
383 3447 68.556769903776 447.3114646284136 -0.045374402226125723 -4.5129114022250894e-02 -0.023805967273535955 -0.0021095951791312018   
384 3456 62.444212437756796 449.15642565202415 -0.045374402226125723 -4.5261026879555480e-02 -0.03509421473856124 -0.00010652940224917251   
385 3465 65.25669887638055 431.081899696937 -0.045374402226125723 -4.2875006201850113e-02 -0.023992864772873906 -0.001549237066533149   
386 3474 58.19711481594968 374.7734025090034 -0.045374402226125723 -4.5104266238104943e-02 -0.028019077451448215 -0.0001280529928184837   
387 3483 61.65662425775789 381.5122689629363 -0.045374402226125723 -4.5238804340088326e-02 -0.03778788122158723 -0.0007631221697339263   
388 3492 54.05888793327042 382.1381747921386 -0.045374402226125723 -4.3885442498364069e-02 -0.024146262542436986 -0.006902855776998146   
389 3501 54.94481921084361 394.3644129862354 -0.045374402226125723 -4.5208183052167852e-02 -0.031706084957836014 -0.00010765874519125251   
390 3510 49.3755947051114 369.6890819669544 -0.045374402226125723 -4.4373396178981284e-02 -0.03763939891158968 -0.0007535620855424474   
391 3519 51.44000795328707 381.03592014199745 -0.045374402226125723 -4.4636446096353227e-02 -0.02383102530897127 -0.005820623001584174   
392 3528 58.98048207284441 416.192019687577 -0.045374402226125723 -4.5325024488320986e-02 -0.03172853998399172 -0.00010960119416630887   
393 3537 69.87934874638897 415.2583525099603 -0.045374402226125723 -4.1494391980742770e-02 -0.03169462585186687 -0.001221464445506415   
394 3546 68.3179759776383 433.440863572483 -0.045374402226125723 -4.4716206506804940e-02 -0.02369983988456789 -0.0017284847318018715   
395 3555 70.79141830039859 458.5664294409177 -0.045374402226125723 -4.5350049280910229e-02 -0.03498878813088384 -0.00010437299961343904   
396 3564 73.96379875630787 493.3835188786445 -0.045374402226125723 -4.2965279925274893e-02 -0.03162743263771858 -0.0015657808754351576   
397 3573 86.96303443422742 515.6435308501307 -0.045374402226125723 -4.5055122641719958e-02 -0.027939075277797487 -0.002424886036421603   
398 3582 98.530758696409 519.2869762382813 -0.045374402226125723 -4.5245013807990564e-02 -0.03764756251726836 -0.00013031776764949043   
399 3591 93.8247685485515 506.0387353575017 -0.045374402226125723 -4.3846147903079016e-02 -0.024210428842569076 -0.0015446849303204224   
400 3600 85.61707989884364 498.21228926660206 -0.045374402226125723 -4.5229753040101392e-02 -0.027825479757175697 -0.00010795998541121565   
401 3609 82.0818305542654 507.5260823832953 -0.045374402226125723 -4.4351216790463999e-02 -0.034733498748202626 -0.0007243989649017013   
402 3618 92.07605717348748 466.70710502497997 -0.045374402226125723 -4.3952823920677592e-02 -0.023437504275179627 -0.006182317061334042   
403 3627 88.15030021016466 517.1477269769753 -0.045374402226125723 -4.5222411354236353e-02 -0.03151898562726234 -0.00013285371132740198   
404 3636 99.40771573619072 531.5724503615836 -0.045374402226125723 -4.4384179978569846e-02 -0.03769960068565842 -0.00121715148665838   
405 3645 86.02540105227095 525.9988590576224 -0.045374402226125723 -4.4711837339062879e-02 -0.024136503460173736 -0.006169739050740669   
406 3654 87.2511003922924 549.3250045787047 -0.045374402226125723 -4.5248466820167269e-02 -0.03499056895433779 -0.00010611295259521647   
407 3663 78.47890282137298 616.5134677695386 -0.045374402226125723 -4.2865745330238708e-02 -0.03169898945885771 -0.0012364038739162975   
408 3672 68.80869657216603 606.1391533667035 -0.045374402226125723 -4.5072097838244660e-02 -0.023403660855826125 -0.0021098148670284367   
409 3681 60.713867766590376 568.291313662934 -0.045374402226125723 -4.5201856587637812e-02 -0.035144199406254906 -0.00010996000163321362   
410 3690 60.871221928481695 548.4463941628302 -0.045374402226125723 -4.2855517098446136e-02 -0.024161598378278748 -0.0015610868500070818   
411 3699 62.656218976955984 612.32482812032 -0.045374402226125723 -4.5087334914619581e-02 -0.027938123557370367 -0.00013209500904029503   
412 3708 60.51462944830492 641.0159435673945 -0.045374402226125723 -4.5265822359411859e-02 -0.03777469036137668 -0.000727913205381181   
413 3717 65.89001838222023 644.2216676928867 -0.045374402226125723 -4.3952758066890002e-02 -0.024207522055459757 -0.006948670114949124   
414 3726 56.72594472068966 683.3319871344617 -0.045374402226125723 -4.5235694696289033e-02 -0.031667021225999625 -0.00010722677918789669   
415 3735 53.09617134646629 663.7018530774552 -0.045374402226125723 -4.4387387280078960e-02 -0.03786148334205877 -0.0007470277773669876   
416 3744 48.64239802357552 695.2253298385556 -0.045374402226125723 -4.4682262897834307e-02 -0.023448117088690545 -0.0059851222495580225   
417 3753 53.14550912574573 738.180795094017 -0.045374402226125723 -4.5244911245749919e-02 -0.03160548924450743 -0.000104115507806396   
418 3762 58.44059391205332 860.3347319616346 -0.045374402226125723 -4.1509825486095830e-02 -0.031553448952467714 -0.0012217020323232186   
419 3771 53.160076441968954 825.2819974283809 -0.045374402226125723 -4.4668674060486468e-02 -0.023415725965937245 -0.00245303919078102   
420 3780 48.360803680309836 835.0602714880345 -0.045374402226125723 -4.5231594535238284e-02 -0.03491844169501479 -0.00010392755861873826   
421 3789 53.86304207301417 896.0971852999678 -0.045374402226125723 -4.2851568238864282e-02 -0.03147055444545897 -0.0015470289396768977   
422 3798 57.38700740465471 875.5181256359912 -0.045374402226125723 -4.5139933215320699e-02 -0.027791430278900284 -0.002237485710445908   
423 3807 54.032979839363485 879.3426949022758 -0.045374402226125723 -4.5229140343371541e-02 -0.037739708030281566 -0.00013206507177851434   
424 3816 50.742417583559444 877.9799453437034 -0.045374402226125723 -4.3954237443231431e-02 -0.024347045301420372 -0.0015450252896211103   
425 3825 51.25397571104744 822.9435606962055 -0.045374402226125723 -4.5286817158801534e-02 -0.027869488593475905 -0.00012076790084594724   
426 3834 54.386551568695374 867.940717033197 -0.045374402226125723 -4.4330537472684561e-02 -0.035118877674718066 -0.000723533989461872   
427 3843 68.5969362978239 859.4716482181677 -0.045374402226125723 -4.4032597093466005e-02 -0.023583057147402192 -0.006613543004408334   
428 3852 84.40383935992301 786.8972835774824 -0.045374402226125723 -4.5212707057589438e-02 -0.03159591123450908 -0.00013474801119622848   
429 3861 95.9587783115959 803.21925694143 -0.045374402226125723 -4.4436021856423841e-02 -0.037747537166358605 -0.001221862220679576   
430 3870 101.49301516956572 873.6450090277049 -0.045374402226125723 -4.4647004940499543e-02 -0.02423715041461047 -0.005958396570391239   
431 3879 94.01597825884019 923.4345839195307 -0.045374402226125723 -4.5292103828540431e-02 -0.03486506670605717 -0.00010887972802242629   
432 3888 85.28526347942507 876.2951918805136 -0.045374402226125723 -4.2917098440215976e-02 -0.0319366452134225 -0.0012170470377561582   
433 3897 79.3963092957941 892.4246032400129 -0.045374402226125723 -4.5044729716433751e-02 -0.023320457274617762 -0.002228845581479788   
434 3906 73.30106013405683 938.3193989145556 -0.045374402226125723 -4.5259285067261762e-02 -0.035059644945944435 -0.00010385344999955248   
435 3915 73.33500175577458 958.6131685111849 -0.045374402226125723 -4.2939640906888926e-02 -0.024237588257874698 -0.001541422596138764   
436 3924 65.79175750586471 984.1948884620181 -0.045374402226125723 -4.5107873177731475e-02 -0.027971782772862205 -0.00010548656521375266   
437 3933 58.531186309455876 933.9311396243947 -0.045374402226125723 -4.5241375874169473e-02 -0.037742445268922634 -0.0007451296044301559   
438 3942 57.306717365086044 925.6204106630836 -0.045374402226125723 -4.3888955645064009e-02 -0.02422579312717571 -0.006815054640803231   
439 3951 57.632123232450255 960.5911306060046 -0.045374402226125723 -4.5195313149269070e-02 -0.031646886630250975 -0.00013271635829076311   
440 3960 56.65206780619357 1038.4245472668492 -0.045374402226125723 -4.4418559534267529e-02 -0.03787619159990545 -0.000747817395508471   
441 3969 53.68360150078845 1032.8222264092099 -0.045374402226125723 -4.4637875398180621e-02 -0.023654789341584243 -0.005588964460834817   
442 3978 60.07035203966419 1097.917256805353 -0.045374402226125723 -4.5222162823961104e-02 -0.03155368922506968 -0.00010790787796721713   
443 3987 65.26988430258541 1110.5248609519883 -0.045374402226125723 -4.1530133110121104e-02 -0.03173714031806839 -0.001211544927572833   
444 3996 79.40531655823347 1152.7088891765936 -0.045374402226125723 -4.4662316296624580e-02 -0.023463151938716342 -0.0023045931633319527   
445 4005 83.52986608376533 1150.7437221114183 -0.045374402226125723 -4.5279009071106976e-02 -0.03512478653536241 -0.00010382251219512306   
446 4014 94.70590791266645 1149.673969913122 -0.045374402226125723 -4.2977897707489873e-02 -0.031305745358190806 -0.0015442693456376444   
447 4023 85.37038859900227 1127.413956409659 -0.045374402226125723 -4.5066449216049131e-02 -0.02792618421804642 -0.001338175775150524   
448 4032 79.50980343017528 1092.3685759540906 -0.045374402226125723 -4.5302077790744272e-02 -0.037904494613912265 -0.00010470430446654633   
449 4041 67.94570854942646 1141.7831597409422 -0.045374402226125723 -4.4001677590682492e-02 -0.024259451659866843 -0.0015364275932190918   
450 4050 69.97261160152965 1071.780153268281 -0.045374402226125723 -4.5222410192939586e-02 -0.027903234777527777 -0.00010448860658812675   
451 4059 62.1811405759616 1208.8316667770314 -0.045374402226125723 -4.4444994577861788e-02 -0.03505031164448513 -0.0007404572480562699   
452 4068 68.53488930074711 1261.637076977518 -0.045374402226125723 -4.3933415489025629e-02 -0.023664513503368956 -0.006229607981222324   
453 4077 64.21758305142428 1057.3445846487032 -0.045374402226125723 -4.5268097693432957e-02 -0.03152170877037286 -0.00012794097917362413   
454 4086 60.581312936332665 1057.342939047058 -0.045374402226125723 -4.4503464076401059e-02 -0.037708466214990785 -0.0012138009550908546   
455 4095 61.07968779028699 1006.7925964487499 -0.045374402226125723 -4.4727006598197769e-02 -0.0242096423526294 -0.005902759456852591   
456 4104 55.79675707142911 1017.9652078480997 -0.045374402226125723 -4.5226476636924307e-02 -0.034861679883619615 -0.00010763466657995324   
457 4113 50.94564432711061 1070.3607091636438 -0.045374402226125723 -4.2824621021626152e-02 -0.031621550250522726 -0.0012184117953118745   
458 4122 50.601123550995936 1052.2177449624855 -0.045374402226125723 -4.5078756685428600e-02 -0.023515603551907655 -0.0024054553789363275   
459 4131 52.053006638306684 1055.2145694424362 -0.045374402226125723 -4.5238295690117197e-02 -0.035061142250463834 -0.00010447482673703323   
460 4140 50.540946979421584 1075.8619243666978 -0.045374402226125723 -4.2942538592214127e-02 -0.024004190248022028 -0.001556227938935173   
461 4149 43.60338896085008 1053.9996979345071 -0.045374402226125723 -4.5094925853822826e-02 -0.027835283980190806 -0.00010581139249338234   
462 4158 39.321417572450244 1069.4801962623726 -0.045374402226125723 -4.5257445792946771e-02 -0.03781499499903987 -0.0007516094585960365   
463 4167 39.85643029757813 1178.6445846293007 -0.045374402226125723 -4.3843590847965394e-02 -0.024256906230382624 -0.006816558002118195   
464 4176 40.033768907654654 1248.2961075761439 -0.045374402226125723 -4.5238187712015238e-02 -0.03141117472616754 -0.00013448921191133723   
465 4185 42.67166103824927 1301.220610171922 -0.045374402226125723 -4.4339966248536852e-02 -0.037694809442089944 -0.0007280353722360078   
466 4194 50.004054494366095 1387.6397075258913 -0.045374402226125723 -4.4694806307047613e-02 -0.023350490697619825 -0.0065904931542901946   
467 4203 56.715232380767546 1654.1784772789536 -0.045374402226125723 -4.5232021779965909e-02 -0.031583233814898665 -0.00013197618412671974   
468 4212 54.90160688730231 1643.247991521059 -0.045374402226125723 -4.1565940644979052e-02 -0.03184658737805564 -0.0012350305137423245   
469 4221 55.3108982201889 1643.0187092154076 -0.045374402226125723 -4.4702709547100539e-02 -0.023244626483385544 -0.0017859812600658775   
470 4230 44.7735273299983 1661.7288181965457 -0.045374402226125723 -4.5241847162423840e-02 -0.03487879266741449 -0.00010787219951097216   
471 4239 40.082959715168734 1698.6879524764997 -0.045374402226125723 -4.2905148866529713e-02 -0.03153133411912892 -0.0015503660964291677   
472 4248 36.998876292266516 1772.882816515896 -0.045374402226125723 -4.5070210004247810e-02 -0.028020657099283378 -0.0021041103794137983   
473 4257 34.07571285895669 1819.110567503024 -0.045374402226125723 -4.5261370270692075e-02 -0.037857786070789406 -0.00010413397917635736   
474 4266 31.239857354025208 1893.758879431788 -0.045374402226125723 -4.3989937333573245e-02 -0.02380190533712037 -0.0015420169770299363   
475 4275 29.92417852914635 1785.695735756871 -0.045374402226125723 -4.5212705400744832e-02 -0.027875642803491016 -0.00010780796501594359   
476 4284 31.724281391623887 1794.9838551699381 -0.045374402226125723 -4.4555565942487149e-02 -0.03506229417176657 -0.0007362858652719129   
477 4293 30.01607933759255 1842.6005320237011 -0.045374402226125723 -4.3938241715900148e-02 -0.02334889301111448 -0.006280456021493769   
478 4302 33.52092087147203 1845.4414866930176 -0.045374402226125723 -4.5237727463540711e-02 -0.03170143303342182 -0.00010485115965899738   
479 4311 34.20717425271891 1959.4527008195134 -0.045374402226125723 -4.4344818064718169e-02 -0.03776783391918431 -0.0012151892609607584   
480 4320 37.43589777735837 2334.8562277869087 -0.045374402226125723 -4.4599720011866698e-02 -0.02401477520460296 -0.006104024953750703   
481 4329 39.58282066813359 2282.7349247623347 -0.045374402226125723 -4.5230635209428813e-02 -0.03504873670644833 -0.00010712259460410323   
482 4338 50.48986838541315 2317.346276157485 -0.045374402226125723 -4.2876128415527362e-02 -0.03181666030834461 -0.0012146458007417094   
483 4347 51.60543777900444 2775.9859769753884 -0.045374402226125723 -4.5066280037565715e-02 -0.023763867091197016 -0.001978327837255517   
484 4356 53.97200032145199 2758.0583289644283 -0.045374402226125723 -4.5273822382864426e-02 -0.03522285598283019 -0.00010818470417686687   
485 4365 59.03026339670756 2828.5824646367805 -0.045374402226125723 -4.2780309281929205e-02 -0.024312280585963103 -0.0015434263888522426   
486 4374 63.16427676371082 2833.6409496936094 -0.045374402226125723 -4.5069510132193180e-02 -0.027895985032376683 -0.000104181223618105   
487 4383 62.30987301867562 2768.8081455766937 -0.045374402226125723 -4.5297857408385531e-02 -0.037861205718949964 -0.0007501166690698502   
488 4392 54.33037986330052 2849.984200048119 -0.045374402226125723 -4.3945522959422764e-02 -0.02431370334903543 -0.006958866828083388   
489 4401 60.740636983635 2962.898344971711 -0.045374402226125723 -4.5285240733544063e-02 -0.031600445873020674 -0.0001043981704133834   
490 4410 65.40547892568938 2955.2507706653782 -0.045374402226125723 -4.4283558802872672e-02 -0.037527161584887 -0.0007748228074816177   
491 4419 68.41229766952289 2975.3677501731563 -0.045374402226125723 -4.4699840978316058e-02 -0.0233107236819953 -0.006289581207517603   
492 4428 84.33777481231323 3207.665416205684 -0.045374402226125723 -4.5231298411652396e-02 -0.03148311730549842 -0.00013255199913969617   
493 4437 102.82379161920439 3031.8833735413627 -0.045374402226125723 -4.1521462279606111e-02 -0.03164814086288728 -0.0012156715998023204   
494 4446 105.36397830473442 3212.723690628262 -0.045374402226125723 -4.4663119554332650e-02 -0.02366176716508933 -0.002344320083035867   
495 4455 118.66026480776016 3424.5935460878372 -0.045374402226125723 -4.5263208054828710e-02 -0.03510962174412334 -0.00010506995391607044   
496 4464 109.45953708066705 2951.85073941359 -0.045374402226125723 -4.2792734723638579e-02 -0.03142786699499213 -0.0015389466686264452   
497 4473 98.92703161884727 3136.6648366212376 -0.045374402226125723 -4.5101717854246673e-02 -0.027750712648324544 -0.00223492640419945   
498 4482 92.84476390607968 3121.428522668201 -0.045374402226125723 -4.5224574454697700e-02 -0.03781047568088827 -0.00013051571151570518   
499 4491 86.8217415985028 3202.4265040427604 -0.045374402226125723 -4.3929349435164730e-02 -0.024338589246098857 -0.0015479247842596078   
500 4500 81.1733847120093 3563.085173833895 -0.045374402226125723 -4.5273789078362284e-02 -0.02806790663647575 -0.00010786201213083824   
501 4509 71.28473146345418 3610.6961197105975 -0.045374402226125723 -4.4404984466198588e-02 -0.034967233392767735 -0.0007268881627436885   
502 4518 66.7474343013196 3650.4517545401386 -0.045374402226125723 -4.3902367128535555e-02 -0.023389123611793072 -0.005524444939486173   
503 4527 62.334643296006725 3612.7027993034467 -0.045374402226125723 -4.5295985663249078e-02 -0.03159110059149034 -0.00013492703946935136   
504 4536 61.31079768521491 3722.223490273503 -0.045374402226125723 -4.4354551391321745e-02 -0.03769188208843727 -0.0012187019342483896   
505 4545 57.12021745950116 3658.0942510137893 -0.045374402226125723 -4.4706022171513829e-02 -0.023766073576765828 -0.006528194039666757   
506 4554 58.980211225409306 3437.034475848703 -0.045374402226125723 -4.5251066494698192e-02 -0.03505905717937305 -0.00013663214343248575   
507 4563 63.332309288121216 3427.1477740271644 -0.045374402226125723 -4.2880762232728659e-02 -0.03189196126271582 -0.0012152434077013774   
508 4572 69.00273388509055 3576.607332834804 -0.045374402226125723 -4.5108753607810151e-02 -0.02335731189763851 -0.0023482549105918182   
509 4581 80.57196994319565 3563.2389366618104 -0.045374402226125723 -4.5264015966519383e-02 -0.035122615157600484 -0.00012384191749137408   
510 4590 82.21387266132224 3746.636772567113 -0.045374402226125723 -4.2892026258945976e-02 -0.024240355699138544 -0.0015580046831049632   
511 4599 82.97784729458874 3790.698252894363 -0.045374402226125723 -4.5102040630367143e-02 -0.027852326657663115 -0.00010821103993122194   
512 4608 79.97778712371088 4051.428612524186 -0.045374402226125723 -4.5264048916872954e-02 -0.037686297268375274 -0.0007384799840188805   
513 4617 74.41628713651629 4154.3034335000075 -0.045374402226125723 -4.4024297391483766e-02 -0.024300610378570398 -0.0069481862382690385   
514 4626 71.7566955997703 4151.733278364994 -0.045374402226125723 -4.5199232303534412e-02 -0.03160556500075108 -0.0001310291424857224   
515 4635 74.98817033747417 4052.5571999097388 -0.045374402226125723 -4.4502789135711013e-02 -0.0377237977524125 -0.0007207105464490104   
516 4644 70.64265540351113 3829.794240463551 -0.045374402226125723 -4.4709089918721356e-02 -0.023535018809755448 -0.006438050710496412   
517 4653 66.96257560377329 4137.772203459859 -0.045374402226125723 -4.5255944639358767e-02 -0.031590143014962144 -0.00013160509932311215   
518 4662 70.03884770476091 4346.987820091643 -0.045374402226125723 -4.1547013662563914e-02 -0.031817682827203875 -0.0012116329033966255   
519 4671 66.31483406726248 4243.5690447565585 -0.045374402226125723 -4.4685959701556449e-02 -0.023271295741771114 -0.0022068236757189774   
520 4680 66.57159996362589 4243.688382066322 -0.045374402226125723 -4.5260015950320004e-02 -0.03499394175671752 -0.00010960081591196436   
521 4689 72.74690656065125 4685.066639655002 -0.045374402226125723 -4.2909635075472269e-02 -0.031607759929466545 -0.0015451535545325523   
522 4698 73.83445092412862 5352.872293319784 -0.045374402226125723 -4.5060080083639528e-02 -0.027982505541651964 -0.0023949733804112527   
523 4707 63.8769761233038 5530.381284613838 -0.045374402226125723 -4.5257670651919171e-02 -0.037719182392372944 -0.00010433602146875387   
524 4716 70.27032220569215 5211.810432637698 -0.045374402226125723 -4.3878112354579946e-02 -0.024180727892665815 -0.0015522351127247591   
525 4725 68.69479991134844 5016.210933270227 -0.045374402226125723 -4.5260814115466272e-02 -0.027943961257864997 -0.00010546570406358424   
526 4734 65.48574850069842 4562.265803263532 -0.045374402226125723 -4.4374079450326731e-02 -0.03504347821114197 -0.0007308168915703683   
527 4743 60.03645696117954 4491.705795734377 -0.045374402226125723 -4.3928452655323705e-02 -0.02331841924875344 -0.006086959907093459   
528 4752 62.538204282962795 4610.131279576816 -0.045374402226125723 -4.5244672829280116e-02 -0.03152349540282921 -0.00010441646427702955   
529 4761 60.38081083100709 4334.3345183631745 -0.045374402226125723 -4.4418231577303235e-02 -0.038143919598800466 -0.0012207413417111013   
530 4770 60.35958910536482 4683.276437701211 -0.045374402226125723 -4.4659626623723303e-02 -0.024159863425078226 -0.006012160533777761   
531 4779 60.03798010671359 4881.317122281108 -0.045374402226125723 -4.5312531236319023e-02 -0.03502025008284401 -0.00010815953501300268   
532 4788 59.683707784194404 5461.423150878972 -0.045374402226125723 -4.2836225769309927e-02 -0.031616750390951964 -0.001227889291076728   
533 4797 64.52051410011279 5537.863735456822 -0.045374402226125723 -4.5059663713129555e-02 -0.023505711654766198 -0.0023264479253882753   
534 4806 62.52959081360123 6016.06321342076 -0.045374402226125723 -4.5224950766956179e-02 -0.034926725529195166 -0.00010764522777731433   
535 4815 56.9954858738448 6262.0236578034155 -0.045374402226125723 -4.2848428059456156e-02 -0.02413644167546894 -0.0015533383353240893   
