% # columns="iteration, evaluation, sigma, void, void,  stds==sigma*sqrt(diag(C))", seed=402735, Wed Aug 24 00:30:58 2022, <python>{}</python>
1 9 1.0243636845613293 0 0 227.23154008963797 2.031966008260356 200.78659503453989 2.0418605201581697 1034.2203486889512 2.00918305679175
2 18 1.004141397408217 0 0 207.10328642103295 1.9411114284729967 199.70844277492515 2.0346335410276772 1110.4716368828765 1.8910292274480291
3 27 1.010606959362235 0 0 213.31699680685077 1.982492542099941 198.90438403724414 2.055859783823869 1099.8399124237726 1.8543691423743045
4 36 1.0052641923531718 0 0 219.0755871008635 1.9042682056454638 189.39538206205162 2.0355160954338096 1100.9116619619936 1.8671144881757082
5 45 1.0123476992132918 0 0 225.23518311191845 1.8795542334615856 205.07723008787403 2.0642923976240013 1125.4718169853447 1.8419497497762956
6 54 1.1517542225149973 0 0 267.5008128115456 2.263085959039576 247.9055962556956 2.682313848025711 1209.1426611087975 2.0921028192545283
7 63 0.9487705968154335 0 0 217.10613249663143 1.8055199662437704 201.44720278278237 2.1114823722077776 985.0250972371819 1.7140720806313556
8 72 0.9726776365362607 0 0 224.7293505121284 2.03375448382103 195.3610521236186 2.1622295418824757 1087.713069332667 1.7062398081893768
9 81 1.0153153183190664 0 0 226.8079033606356 2.1269300488568126 199.66519274489767 2.2553766597862546 1160.8510037044446 1.7166652719240074
10 90 1.0361986687584068 0 0 231.91405487771473 2.062968168868197 208.30805095454153 2.1019821627327673 1236.551204173427 1.7548469893829879
11 99 1.0337369656128514 0 0 241.44704385548312 2.005789914821959 205.0257454667091 2.069638617784136 1224.8469626380934 1.7849966045874806
12 108 1.1378455132075678 0 0 267.99377247670566 2.3131004220327798 244.3564484462165 2.19021185859772 1450.0671323791344 1.9668781761345921
13 117 1.17879022750546 0 0 275.7707897349555 2.2343618311202778 239.2543813710096 2.2410234878351 1512.611652339266 2.017495202056546
14 126 1.3723676888615368 0 0 377.0835183750668 2.7222235689568035 281.7822522590541 2.7640349364772177 1692.5313161391628 2.1929045025293488
15 135 1.3382671254248024 0 0 371.1911071696325 2.619491836852064 264.7994560402235 2.7019089596843835 1645.60777153003 2.088671153792147
16 144 1.3363681179924605 0 0 369.634811100726 2.482593752124645 259.867489968876 2.5249268467388073 1670.9572761500767 2.0468158190377843
17 153 1.3122098850742592 0 0 384.15132322960926 2.4335236553350774 252.71603150508423 2.4365786975206327 1668.1739254888364 1.971596256501851
18 162 1.1276738952235528 0 0 318.6576383255452 2.1034044456114414 209.9985410032265 2.0871374179795352 1423.390485425118 1.5704487836441503
19 171 0.9758119377769863 0 0 278.127913524328 1.8092574748372992 179.74122619142605 1.7814920282935718 1218.0281930251417 1.403385970322385
20 180 0.9704547808152024 0 0 270.88944493936043 1.7938017865722031 173.08581470703967 1.788464168094048 1185.309432496739 1.4122895583437078
21 189 0.9723339293283874 0 0 261.32917264143686 1.7443989278762064 179.90902726676677 1.7651715268826762 1136.4446115941053 1.5432002619451757
22 198 1.0173503751975101 0 0 268.55301763000807 1.7139949962148355 185.9940343768238 1.8062709833561392 1323.6933942585079 1.6213153460290683
23 207 1.0791996083057744 0 0 301.1828033363971 1.8500946002130598 181.9747394152702 1.8824103211664918 1504.237668953266 1.8040110196598271
24 216 0.9732517707481191 0 0 279.52867604480696 1.7235008753282184 164.7423199919981 1.7024748463160495 1333.3903418578218 1.4964081587685105
25 225 0.9564751238878447 0 0 274.7123394992107 1.641991149281122 156.69359951225834 1.6740877483783034 1327.4753495528553 1.3996092618984792
26 234 0.8633422083669278 0 0 239.8951552400633 1.396238318983118 132.89289361727185 1.4770112508140443 1204.8420311001782 1.228276543191064
27 243 0.8347576819987823 0 0 236.04529543320805 1.3404429060493714 125.50853472867038 1.343853679827427 1140.177965109523 1.1838485119721995
28 252 0.8156213190428144 0 0 231.64798247268897 1.3055599036941654 122.98546913517177 1.4120736460630474 1001.5119827602826 1.1464405555993096
29 261 0.7542929695052165 0 0 220.09070873037493 1.227672732820913 117.25347595818137 1.3531672305922036 894.6708400525409 1.1371075988493815
30 270 0.6862355761693387 0 0 202.0596556101893 1.045625008448706 110.23504978849378 1.19282322526607 786.7458715941859 1.051469512031486
31 279 0.6427559271121664 0 0 188.94757165539568 0.9592556598349569 101.4656339511242 1.1004068314232958 751.7952458185039 0.9704330324370711
32 288 0.6952166960772305 0 0 194.25601965476395 1.016532616525257 106.61082792533306 1.1389413174336658 896.916041254595 1.0691725515222203
33 297 0.7099635975794726 0 0 208.81543754425874 0.9897403812304101 96.9913647326673 1.1945363242090612 977.8156215439263 1.0803263087389596
34 306 0.707862406427656 0 0 204.75639742047255 0.9591769728126933 95.24425277636345 1.2776332169894207 978.6879505340374 1.058003006089029
35 315 0.771273107467837 0 0 241.0128734510858 1.055206887643129 105.41927072520976 1.3845059574354721 1159.4874020821142 1.1529807326478176
36 324 0.9026675656810367 0 0 307.22824349202574 1.2172743609841181 128.5509757710219 1.6119174149509696 1468.7030965945107 1.4027903220663007
37 333 0.9892268359698306 0 0 339.74898918968836 1.3642146446190917 134.89237805352064 1.8594604516131918 1630.1621744614504 1.4569665249742991
38 342 1.0990517453446125 0 0 367.6865992696571 1.458237581692521 147.5862144700813 2.051406591951871 1901.6326474034586 1.5716011336374658
39 351 1.0594733817611657 0 0 350.500224068299 1.4564579193089486 138.9757441840514 2.036112878323605 1714.9708601543778 1.4866117127546608
40 360 0.9296302720260621 0 0 301.59289832498325 1.2865930418060498 111.49232982471229 1.742090701933396 1483.584802616907 1.2878417191029188
41 369 0.9790266889232904 0 0 307.18005655528106 1.3467902909870761 119.17155503975404 1.9000495394216306 1524.5552034901164 1.4695960958824277
42 378 1.0348275270295377 0 0 321.66710374415055 1.4233642762132641 137.40636973679645 1.9929078334134287 1600.548947006124 1.599041530114582
43 387 0.9449284844795901 0 0 312.0033671476226 1.3819977863345756 125.8671944782608 1.7191000704680102 1533.584230270511 1.4803297985971777
44 396 0.9865700766704076 0 0 320.8016062924187 1.4964363029606413 123.83463660986155 1.748131419529812 1624.6072900956863 1.5657315882830696
45 405 1.031172808616508 0 0 337.55937034527136 1.716956022010393 128.77788189901662 1.7504129213446245 1695.883289165372 1.5822658413620876
46 414 0.9602352759471882 0 0 299.34871266442383 1.5906556545396098 121.8553656561134 1.6067521615941425 1541.9441141968434 1.4323610312424293
47 423 1.0091922231069888 0 0 317.4759684686018 1.7152633396313026 137.5396279531986 1.707653035910576 1714.432017347071 1.527998389733852
48 432 1.1154899257736202 0 0 348.8232036168221 1.9106371101374724 165.14701320872058 1.927087287873138 1919.346674775882 1.6929361128074778
49 441 1.0535383800469578 0 0 312.8851279460137 1.798499360904602 157.54121406564033 1.797823888490776 1721.5738155441193 1.619154842796007
50 450 1.1275987189141128 0 0 327.9769283940845 1.873577397357008 164.51801935203324 1.8167670923196726 1926.6769958889279 1.784466562441048
51 459 1.1198069542340008 0 0 323.63230516843333 1.9171838542026798 162.56622900376377 1.7746419709040107 1921.0431173782054 1.7663343633628448
52 468 1.0783952021055003 0 0 301.09820631352073 1.8443763563235032 159.86861477198306 1.6795951040171853 1820.289689424376 1.6587769121908857
53 477 1.1917359321942032 0 0 333.43824805181026 2.0694904367568436 207.45328439751006 1.8430940286717978 1995.3954694212182 1.8224371552467689
54 486 1.3204937013433706 0 0 417.06591039831676 2.5422412698684633 230.64547706987022 2.160119137691887 2221.5902498765854 2.2610927015744036
55 495 1.190588907330973 0 0 378.3798444587814 2.3338168624421685 206.27776885470234 1.9108023189597678 1938.4276398893644 2.0712342181196237
56 504 1.2901070716698169 0 0 421.6345155009755 2.827318903895585 233.16729238835373 2.081995698244278 2328.407758214242 2.3394029457380996
57 513 1.4374510307609674 0 0 472.7717705007709 3.132402865869699 270.2073164840752 2.4091353176436803 2540.465337409064 2.63928935630548
58 522 1.395591228426994 0 0 443.9265190720173 2.9054640145557618 261.04530991398474 2.26582688608382 2436.13610286343 2.6411063172758085
59 531 1.455661741437005 0 0 462.25760635639824 2.9915242007674125 260.5246859661365 2.4308694683510823 2453.036472933245 2.6176951427092807
60 540 1.5805446416613207 0 0 502.36398463646384 3.267231614236517 278.4228431536623 2.6928024491738425 2633.1851535596547 2.8221547552279374
61 549 1.5124357962921933 0 0 468.53014882429494 2.969040365612961 268.64467197726594 2.595010842088583 2509.8125049023956 2.779658628923194
62 558 1.6351131837140926 0 0 509.76816538295714 3.047902625931923 287.4826230346404 2.8173640444117938 2775.497503667695 2.9942106812589824
63 567 1.75321544899962 0 0 514.6887348701215 3.312074525922585 303.74489410990486 2.9626922081508096 3012.345142199641 3.2345471052429353
64 576 1.7079858881808756 0 0 511.8337656995475 3.293435311159757 296.1627118601243 2.904458630733263 3031.159147424234 3.2103144418460223
65 585 1.6926195860215354 0 0 505.5588548537522 3.2911082959559788 284.29063194995126 2.9055983607391584 3057.2308148927145 3.300634769411411
66 594 1.5307684239621608 0 0 451.5611974087036 2.852033783498483 248.41398417988015 2.6321933232922095 2666.1872705609394 2.966560519556485
67 603 1.8936592539265353 0 0 581.2908106780985 3.5934149355066105 296.993271158692 3.670578881754631 3366.1696289198317 4.158012445109666
68 612 2.083484794219349 0 0 590.1045479269968 3.7376418082867198 333.3054493990771 3.691033051727782 3568.1742850585715 4.319098148801831
69 621 2.409130288558976 0 0 691.7177646988956 4.276205287181267 353.83430842366363 4.122844095458838 3879.0489192814775 5.2595583701873245
70 630 2.732838773700403 0 0 819.6210469631427 4.89317005651647 427.75319577905327 4.526485703898618 4431.2329416604225 5.933382022446894
71 639 2.983017133572332 0 0 894.8144617737868 5.26515029166578 454.4555372427378 5.010550584660981 4952.240540181671 6.286476690335481
72 648 3.451864080641983 0 0 1036.0080425137019 5.8784570971627375 531.4791021638827 5.777288584628261 6162.78735760416 7.2556422453789455
73 657 3.0949209693825175 0 0 919.7192913898205 4.758115316079869 464.55720094024764 5.120725058510873 5675.87638817468 6.745434551567206
74 666 2.9512864662507288 0 0 874.5887255349172 4.628326387812392 418.7691883359561 5.016468083632902 5259.602327961142 6.638146286287
75 675 2.8564886962402234 0 0 818.8282436133229 4.370531339185814 377.5277173880322 4.808103573606048 5013.395197481056 6.135085504101038
76 684 2.4214828399159427 0 0 667.8713870216593 3.602680344380159 321.41818209620993 4.061330203383293 4239.604028539021 4.7505649062338
77 693 2.0783322332832865 0 0 545.1487801120917 2.9889085340903487 281.2646581950677 3.390235618832737 3457.7924407376413 4.105907717352948
78 702 1.9949885085412233 0 0 510.607190773873 2.802769505995256 254.70466098539256 3.2095678364205202 3344.3956237191223 3.8219017582707266
79 711 2.049248203700377 0 0 509.3577847788884 2.9197669377627684 264.1808302989039 3.2328167537897716 3571.7679781899114 4.110854331272525
80 720 2.0398007925425965 0 0 464.64146235868714 2.888312541687783 277.7562667735331 3.1218011124210645 3609.491415136945 4.055823937625685
81 729 1.9813761757284003 0 0 446.72547356373263 2.693690014227291 275.2605433138015 2.890534430962893 3373.693199878833 3.952093816152363
82 738 1.9592911601343344 0 0 457.54523970836976 2.6490658532718263 286.2432770768031 3.125276051489874 3229.8835517213192 3.7962165074493446
83 747 1.9102951946570554 0 0 425.82004522790885 2.5529147497889686 289.2110780184952 3.051354333850096 3182.115789054655 3.6358597059736404
84 756 1.96504276879252 0 0 444.8864735415884 2.800640194037255 296.3066098823854 3.2619875688934625 3326.844941054761 3.5895809247038346
85 765 2.1212300902758994 0 0 503.201082418948 3.285466075738054 300.29504857163266 3.5025558027857744 3562.7383257491488 3.7976183725976784
86 774 2.1444853717677668 0 0 510.21336677289037 3.381150503117725 301.7313742305442 3.710803215981346 3490.20166523326 3.584138493996841
87 783 2.112532762405555 0 0 494.4796151109893 3.535755144456571 298.18036711241456 3.589898202510136 3410.3560553015295 3.506520353662495
88 792 2.013637218079803 0 0 493.92512270186415 3.4460611263199032 278.28303039348594 3.548525369937285 3097.2412671940097 3.348877666943942
89 801 2.1800901944091073 0 0 517.6807319890457 4.0537151110716225 327.64406290873586 3.9188592911110147 3601.407340808113 3.8342688075193885
90 810 2.113315205858717 0 0 483.71175246104565 3.920854155013202 301.2269476114834 3.4204956832277187 3661.754862592327 3.6758253588838485
91 819 2.21647394354918 0 0 500.453259100995 3.9535576415145317 308.15370571899496 3.788955201413917 3720.178575367944 3.748830160993067
92 828 2.3524874780296217 0 0 525.0935825625135 4.1083609409746265 321.37725742835664 4.034437103661825 3931.0720344657743 3.874530356827465
93 837 3.0802153828586154 0 0 654.5402575601768 5.0401877136579 439.56815739062836 5.224676836870561 4894.46115739527 4.890934381807774
94 846 3.452752142732671 0 0 724.734812728312 5.750994867013668 495.64047354442204 5.471343297302737 5333.515658188513 5.298632543345519
95 855 4.269429545888942 0 0 910.224903879678 7.118322555488098 619.4457046633198 6.885041321191432 6826.456898348263 6.852183952490022
96 864 4.599625696112227 0 0 983.6328178932238 7.496588284351299 619.4590360535426 7.649014902564587 7322.097828019481 7.294576506451433
97 873 5.72763880100342 0 0 1177.3529332516318 9.373477343712397 754.2788034307705 9.347116935491952 9310.425096806937 9.369177637537831
98 882 5.646336621744822 0 0 1085.9324057818242 8.717985523465364 772.9699599184542 8.971651032456448 9014.05875806901 9.096723578505783
99 891 6.049543445253967 0 0 1143.4529774264752 9.814351591864082 873.3639315046092 9.532021549870382 10333.366875520958 10.028591271985121
100 900 6.3732213039579175 0 0 1129.6540107101225 10.449563886588008 861.6057710952535 9.897172486128522 10238.444803453625 10.348277285032074
101 909 6.1383083796167295 0 0 1024.3219176713603 9.923929598952475 850.7947313394325 9.57498210591307 9050.735725322858 9.136651887674727
102 918 6.871515176051789 0 0 1264.793184804262 12.718595566362616 1035.3775702171615 10.878928625361814 11679.912418639746 10.391039878127277
103 927 6.740699336114193 0 0 1206.321555828473 12.572174950996232 982.5784280885598 10.553072333263682 10870.200336719476 9.805487816117887
104 936 6.739832908878367 0 0 1162.362201260582 12.35806100324485 985.9779294797678 10.078202768107401 10326.28983987276 9.630072181643113
105 945 6.265904580072017 0 0 1069.8384297286307 11.293458951848578 901.4584908405994 9.29116250709301 9386.37676205254 9.02321142347593
106 954 6.119601746150275 0 0 1008.9654361824482 11.071240865288026 876.0131623271756 8.890152084442702 9466.276229446705 9.241186000660718
107 963 6.004962675586796 0 0 1005.8376067658386 10.840446590637162 859.6381975704531 8.691979115310204 9261.748724577672 9.229776115322107
108 972 6.462965161440352 0 0 1090.9159805464908 11.863629342837665 861.2638328357029 9.061366223888054 9792.869588787686 10.198049277574558
109 981 7.9531528652572385 0 0 1363.9205832732375 14.77093407793738 1084.5045628374967 11.040895298771419 11706.572988618685 13.091088079119798
110 990 9.481923072811998 0 0 1577.482308378732 16.801584940558573 1277.009839794328 12.904387602698721 13560.48128298508 15.396740072157481
111 999 10.234558252850386 0 0 1740.0725419841979 17.08796626251599 1372.7260939446066 14.189972374612761 14424.455431965123 16.550994645029256
112 1008 9.18312356589885 0 0 1539.130483613449 14.225999597623376 1213.0158183401065 13.34068165021375 11931.979257608973 14.987379292557227
113 1017 9.124820032908202 0 0 1499.7456618745002 14.44917357557889 1132.321148966919 13.049575885736454 11050.291686380262 14.484799208386324
114 1026 8.927772680065122 0 0 1507.9257006757864 13.926629164679209 1069.2157673141364 12.680382980885296 11326.677535346787 13.246780999100677
115 1035 7.631498776078551 0 0 1317.7269113921884 11.892109959703168 908.2671768563439 11.149459934652949 9588.711254836322 10.888014831901295
116 1044 7.204975145591208 0 0 1207.6927322002707 10.71592674416454 858.3365531868081 10.271409275553442 8776.429246533475 10.078439201783237
117 1053 6.5203723638766595 0 0 1014.1184176525388 9.143128190473192 768.3033317390913 9.258603361842518 8068.861371862241 8.745666747415168
118 1062 6.353500415179172 0 0 958.0882932440927 8.631508263908755 811.4986283232683 9.061116598330326 7694.722509569616 8.837563299875272
119 1071 7.223896383683422 0 0 1061.8566140778028 9.970302509310867 977.9530686000392 10.577755082914903 8038.700762071057 9.750403541273874
120 1080 8.492669679841391 0 0 1208.3763301320514 12.729780059075493 1390.8861605652767 13.438082332201176 9045.567707258771 10.652584633032774
121 1089 9.17518707697605 0 0 1336.9083786593646 14.291174136914142 1618.0241934477303 15.7337041594468 9713.52030751945 11.071433259230606
122 1098 10.654458045351733 0 0 1732.6544270550228 16.228576234032943 1856.5997828766858 18.63806233576013 12983.058631853914 12.157631555892461
123 1107 12.531487276196678 0 0 2172.7648424138724 19.25080012598337 2266.136613211884 23.975992797166906 15627.668100708763 13.707262039304396
124 1116 14.027530904450408 0 0 2482.646079947993 20.984442019404867 2518.6846536002163 27.258322876104554 17498.076721706682 15.502514838514369
125 1125 14.46635949086348 0 0 2515.2284183563897 21.394399992067473 2552.240192205177 27.578634226103286 18532.928892198302 16.168691727026566
126 1134 13.689460833345482 0 0 2329.621238308401 21.037767287432136 2421.8742548381692 25.796121740460567 17813.62441402576 15.66704326320049
127 1143 16.168980671410125 0 0 2804.124875013478 23.80696891733906 2996.3818450690997 33.593999389880935 19254.968770666444 20.11422949192037
128 1152 16.528231372935103 0 0 2732.2430887075707 24.231525686125657 3113.0264407993823 32.92615496170369 19268.76471637354 20.869743731428887
129 1161 18.019491300676407 0 0 3006.197498985783 25.81998045773457 3346.312795023654 35.21180695273355 21559.40758554083 21.664402092622556
130 1170 17.89721847875181 0 0 2940.1917681775158 25.47073115358121 3239.9468382763594 33.27010056689579 21521.58571816805 21.423004507258273
131 1179 20.887800753052236 0 0 3445.530476426464 29.026049313818362 3669.586058058845 36.97874441912694 26281.719935596644 25.698612666026076
132 1188 21.831360233313845 0 0 3506.239746836267 29.84450000462723 3736.0976513525843 36.771880990594276 27953.27591740566 26.172066320219848
133 1197 19.334194292145078 0 0 2964.3394954780797 26.50607419458997 3318.5174601412227 32.68193776479377 22948.154242040557 22.678062288696463
134 1206 19.10412881393416 0 0 2963.7174165180422 24.156977278729794 3196.0690114440085 32.92535309112944 22432.021061329262 22.20849816774819
135 1215 19.736188855152154 0 0 3332.7083661214087 25.275590952183933 3529.732507669612 36.06516230892066 23575.33944488985 22.26502216166864
136 1224 18.58661743288305 0 0 3229.7786427438 23.774398010487957 3363.4192285164595 33.61989684693715 22614.232613553748 20.061515628803104
137 1233 19.8456960887013 0 0 3459.2500887031115 25.9539911933254 3483.319164884124 35.23723010105079 24242.96872910249 20.616153329754102
138 1242 21.240326214159463 0 0 3800.829913503422 26.889016723877024 3714.872344445721 37.13213696928088 25907.834491841597 21.46574405513256
139 1251 22.925565246126485 0 0 4169.0155104103005 30.245568478733563 3904.855542936565 42.37811063461588 28706.532048096855 24.718380735908838
140 1260 23.19896613170307 0 0 4149.435396041501 28.892118165115512 3597.301030896824 39.58621435436227 29580.05342987288 25.594450200907012
141 1269 22.13686762269334 0 0 3889.1290618918642 28.858689761153684 3341.7765208832298 36.96539082531078 28454.259729836238 24.65427447634021
142 1278 22.20613206288488 0 0 3967.5678584528605 26.646551204389283 3481.8681137315243 38.14220500057138 27301.66363071424 25.51591629273379
143 1287 19.895244400969656 0 0 3398.8807302941077 22.714746879931973 3086.9283074713844 32.88049671378874 23161.858121063688 22.272670811912736
144 1296 17.843826476349136 0 0 2955.7222728021566 20.190312516408408 2565.7970799710906 27.612314197437534 20980.731594270288 19.913101362188435
145 1305 18.375257626604693 0 0 3002.218203503414 19.807333205099475 2501.0797286266256 27.65338070775112 22115.8292134737 22.54932295419214
146 1314 20.289046384446067 0 0 3277.563167170054 22.320118188363043 2847.247144420972 30.95841967220531 24176.36234047925 25.190964679968427
147 1323 21.308917829396176 0 0 3450.768055605125 24.000299338981357 3031.766563376889 32.17860258507843 24310.52556974945 25.297887850774163
148 1332 19.003996142328884 0 0 2955.4768271088437 21.64631305672792 2685.1072374912333 28.33654539064265 22430.738847362227 22.472866663397348
149 1341 19.95956103492419 0 0 2969.445221531751 23.940848727711728 3031.6097641978276 28.758889659411714 22941.24628933793 23.24555925407423
150 1350 19.601876202110173 0 0 2955.515552337209 24.03503103540216 2995.0986353789417 28.212492807525905 22021.124195297834 23.943751972705634
151 1359 20.506010382680117 0 0 3094.7878901928757 23.96533596372364 3133.529739561578 28.37065838489781 23004.3221991043 26.299095570065738
152 1368 19.468749036909447 0 0 3075.568520505779 23.390989224562944 2918.1671343022686 26.841177832134118 21631.066211570487 24.122688113312307
153 1377 20.321273823396993 0 0 3394.703982921225 24.988632771315004 3102.764421387281 29.599245849999548 22044.74657840734 22.738384102866544
154 1386 22.71390622832664 0 0 3687.106730252858 30.062064475881805 3562.9864929066225 32.43579598522815 25255.188481209927 28.202729985163877
155 1395 23.38676138147972 0 0 3958.938807514657 32.188086886188586 3434.8263632468247 32.5609812325763 25899.104916012286 28.71768948930705
156 1404 24.23985862270966 0 0 4017.0367139693376 34.82864788681216 3573.9565032817336 33.8975747421076 26168.521330122818 29.30373502584426
157 1413 27.316697894585538 0 0 4534.182995520801 41.04255773378816 4100.4207187885695 37.69713525291849 29032.99426824309 32.208460788345135
158 1422 29.293172852166965 0 0 5122.722579816422 45.26251650724725 4877.701706582154 44.73609349700027 32096.973935954877 33.94891749919879
159 1431 27.81159803755728 0 0 4772.418807180334 41.61169539691825 4822.459890141895 43.66464212509427 30293.15939503793 31.072032390739512
160 1440 26.365723188116952 0 0 4645.128123356003 37.32375479605632 4917.674578633507 45.059002775675026 28609.285184274275 29.30840603818468
161 1449 23.307146324391532 0 0 3927.93397334277 31.75474220426833 4296.719434912445 38.8828755473978 23925.60014540632 27.07663989070578
162 1458 25.473078825038243 0 0 5362.099540141719 38.52969421741134 4857.60349217496 47.03684496061366 27388.924934932096 31.947211989201556
163 1467 26.614206924585336 0 0 5536.959941469037 39.8247806196096 5125.759598927472 48.734975258848024 28661.37689419072 32.79955727912362
164 1476 22.66667242406619 0 0 4536.550559678632 32.63642204436072 4350.146038137705 40.83759566525272 23568.28688723274 27.46483286547213
165 1485 20.309851533277364 0 0 4017.8851312164193 30.108878817529757 3996.458703535297 37.4292789129021 21322.60689962847 24.66954360601654
166 1494 21.046697133704942 0 0 4034.9170644200926 33.120305975259754 4171.040653964359 38.01727109765571 21736.276096919104 25.61757887048292
167 1503 21.81130693794623 0 0 4055.8203895421266 34.755884473328905 4055.7594736141486 36.10503109341403 23629.682771407788 26.226587800784902
168 1512 22.293017700512095 0 0 4237.126416249626 34.97168556638326 4241.00016098767 39.46847078203108 23644.612166329436 26.943559656315482
169 1521 22.086176144716433 0 0 4327.0442626125805 34.59616499554072 4067.714099174853 38.74990141554198 23297.608700721925 27.268812593839854
170 1530 20.493579913267972 0 0 4184.9743119277155 33.342611563219826 3762.379063614298 35.9502352029337 22121.248412959354 24.412561995305314
171 1539 19.48619201633768 0 0 3757.915906958428 31.07968677373176 3501.435497454034 32.60223161664655 20860.476651105528 23.181089647237968
172 1548 18.439750571718015 0 0 3559.4753871774296 29.86356027701372 3235.468484957571 30.598623939616896 19926.73455108408 21.32368242973265
173 1557 19.024505643125895 0 0 3917.0543307791027 33.30337735141626 3204.6705827640576 30.965517956865654 21668.109393628663 21.753266308814503
174 1566 18.304147007417807 0 0 3884.3972009489044 32.45816079509854 2888.5193275984925 29.235044056943728 21303.47798035322 20.949386581910694
175 1575 16.587704018888502 0 0 3369.9260829449577 29.273439499989415 2689.2271020138364 25.21057078830303 18524.822194531833 18.495199273480583
176 1584 15.448856422763196 0 0 2997.365082618962 26.341625766110695 2458.8027075374143 22.556111682121564 16572.943105867973 16.4807242883965
177 1593 14.599223014095898 0 0 2862.002214315228 24.413646311853515 2167.590954228337 20.886871679082397 15969.622526739016 15.879393378465048
178 1602 13.41410860528042 0 0 2323.2324731193335 20.71095083825345 1977.3966512902248 17.882044956516665 12651.360746303275 14.416722120691563
179 1611 12.009505046895134 0 0 2051.9442273829395 19.09186600562109 1763.9762580156755 15.4513178266992 11158.332385085374 12.853685050834686
180 1620 12.38185514211638 0 0 2066.1679244206307 18.69337786697024 1744.9554582667106 15.98190977556853 12577.97232406892 14.21609503637176
181 1629 14.065740924429669 0 0 2380.211683854636 20.514036368959857 1983.2886313316428 18.157745062522974 14180.336740679315 18.44247211396646
182 1638 18.07775865094834 0 0 2946.9178662487243 27.042367769278425 2598.906872956842 22.80622624652997 18409.673270989424 24.462627392810838
183 1647 19.983174845093046 0 0 3243.59880346271 32.07437267498124 2912.595289401279 23.76546678363586 20070.13857122629 26.100501117805905
184 1656 21.135030796143646 0 0 3174.2884352520464 32.43264767018954 3016.120064185909 24.303888361789806 20308.710747115005 28.713206621366684
185 1665 23.34711627666289 0 0 3619.061721382685 36.37552336911056 3325.0608008508907 27.100339669577195 24608.130603729096 32.292411259899836
186 1674 22.357762596025072 0 0 3543.8672607220783 35.39711756108341 3036.850145699443 25.61333522524275 22629.505037237654 28.594790055965504
187 1683 21.16726939212353 0 0 3213.47688079096 33.43810810009921 2764.3615733287675 22.581631174103055 19973.432087366236 26.465634710197012
188 1692 22.258485526831677 0 0 3246.5203783845704 33.90422246124956 3008.4317300134057 25.160375416806477 18643.61788651275 26.45728436190971
189 1701 22.16242224721051 0 0 3148.2562200401203 32.19732881169369 2917.1181352900912 24.78077928947302 18671.57225672452 25.90214458403842
190 1710 22.484392096502955 0 0 3418.8534586708593 33.21474201164726 3108.9621729493083 27.117502495910703 18733.55635319727 27.734153437437307
191 1719 24.201658257696202 0 0 3586.0675499575877 31.95663552185272 3429.6417253100667 30.00578692939029 19521.158909381626 31.371359888820738
192 1728 20.921115900779796 0 0 3083.5762040623736 26.50845513378941 2902.881147049097 25.194547297856584 16554.565027857403 28.132468512318987
193 1737 23.091479099118494 0 0 3313.075663465837 28.26266351943938 3304.877847151414 28.413076178644424 18752.151229579038 33.587179129182296
194 1746 26.39366477377747 0 0 3802.684155257884 32.32896930362181 3941.4711788053132 32.884026577566495 23578.253529618087 42.3253386763699
195 1755 30.360296313771595 0 0 4503.420339611283 37.42930177756463 4958.170575427247 41.48743431807265 27196.714584011257 51.1911562343492
196 1764 30.94450225825617 0 0 4130.67485968708 37.127385651900575 5036.443107323812 40.920668076269116 28707.337976548155 51.708353775617084
197 1773 28.79062988434289 0 0 3652.0269231463044 32.52235326911681 4283.884138157896 35.3642428242122 27618.147647058457 46.507042802197894
198 1782 31.043084574112598 0 0 3897.3768230501023 36.2023184801444 4462.839756309228 36.82470422091451 29033.32055693294 47.74008305228824
199 1791 34.719253877537255 0 0 4293.8684102983125 37.030702360242266 4664.209397711481 40.35820707983151 29964.355748266174 56.21529691440657
200 1800 39.13857340329881 0 0 4791.3644789936225 43.73366391201656 5346.232131722722 45.29990222408294 34486.83306065671 63.02218099505542
201 1809 48.87224010080085 0 0 5980.909826215288 52.90818996537787 6893.701305363751 59.67100839394022 43308.2264888924 80.2451891256485
202 1818 51.37276219674272 0 0 6197.375164421859 52.667110849478334 6845.624693875488 59.637696392196084 45038.23074021576 87.22017445164704
203 1827 49.324300641878175 0 0 6170.821844300926 51.60891599418126 6290.119943832627 55.97181091992474 41377.539853715745 83.08913332870281
204 1836 45.85373794726682 0 0 5617.434216262479 45.48898575644415 5685.1473493266085 51.71762594825532 39323.1621823931 74.3598001965733
205 1845 52.28162492589364 0 0 6408.8430052507665 51.24509196432005 6703.571717118126 58.23158359328739 46858.632085217156 86.48675749436364
206 1854 61.57644035349638 0 0 7325.210302754261 58.413789871604656 7981.6597122954 68.50692957724686 54047.20055774931 100.89581400207403
207 1863 67.05372116762652 0 0 8185.867910278362 64.99200120623915 8677.67321108703 72.64190544573815 58099.259876214666 111.9784764495001
208 1872 71.51501173667023 0 0 9449.245465622422 74.2621742868482 8888.417939523102 73.15325096050485 62208.278359026765 123.94731709556082
209 1881 68.16457379889721 0 0 9010.508739931262 69.35017658008975 7755.736861018961 65.5587270437397 58271.79087705635 117.76903475109305
210 1890 64.34614184184105 0 0 8921.464093300285 68.40841943681559 7238.070981172134 60.12735210439304 56341.81103624351 117.15784281957649
211 1899 55.6448793532022 0 0 7424.066879468624 56.59954293192585 5980.965806385545 49.84717232255206 48437.99147808964 100.46735142852037
212 1908 52.16075641106042 0 0 6993.5467172388935 50.56897151487202 5198.324508852339 46.66770681222508 45308.748972899324 94.07930242998943
213 1917 51.41201402019518 0 0 6905.5028057262725 49.44314376737328 5060.6192536454 43.88514646383887 43750.25551088403 94.16544332335786
214 1926 51.008777553142366 0 0 6747.830538699719 48.24684785532353 4642.493168102985 42.71839249245442 44281.66682366059 91.59903091956905
215 1935 43.298525888456425 0 0 5657.176783612451 39.4745521134761 3780.790939254464 35.13957000883652 36834.65513659613 77.79243315069736
216 1944 46.59627743788512 0 0 6101.228966632657 42.17687303403762 3934.36219217454 36.93775640309952 41794.43011379113 81.21418267448568
217 1953 46.903192052559106 0 0 6417.441095978459 41.418323631261046 4241.597923752711 37.10123370231094 44249.080487085346 91.89576879084338
218 1962 48.960317930381535 0 0 6803.134651250461 42.84574710980035 4366.557509593236 39.4207838455812 45463.56069899003 95.55443461808098
219 1971 45.462677263941025 0 0 6157.681628550513 38.47436769876096 3907.7292291903777 36.14995807992469 42304.45276285778 87.35310787982803
220 1980 43.471291938516345 0 0 6297.897906762834 38.90201111837203 3864.2201419899116 37.32560917313943 38749.07042902881 82.61200589919702
221 1989 42.63197818325278 0 0 6470.111785885618 39.53931210002831 3864.117993033015 37.0659204160977 37376.895767669135 84.27293711856042
222 1998 50.52402644470567 0 0 7699.488975929938 44.52482224694773 4684.5795741671545 44.31034482642392 45545.37028170152 97.67321219651595
223 2007 52.755763022989775 0 0 8303.986331703834 49.31961582100933 4856.927695341607 46.63082677568141 48807.30653064266 104.52722999363262
224 2016 51.45177151686468 0 0 7845.08114034317 46.24832042324792 4600.51871485042 44.96427325584065 48255.597403813576 98.98019750054257
225 2025 55.77485538475674 0 0 8515.866521258347 49.65714952164598 4928.363577755848 49.8055491885369 52576.98354033839 106.1232512356112
226 2034 55.7290263706588 0 0 8571.909194789694 49.770822333365324 4890.059460405128 48.94848845699545 52168.23438685437 109.46557480184939
227 2043 52.710917615087055 0 0 7890.490811769889 43.78773852340279 4659.533291431361 45.525196581271345 46627.622688084295 104.0254495704028
228 2052 48.20917846255972 0 0 7194.530450517755 39.60473794530386 4211.370107323989 41.284554252830844 40685.56099379675 93.71659999688393
229 2061 52.598296445519054 0 0 7414.67567387661 41.48290577747304 4561.551228403549 43.85020105217557 51151.67117393856 102.72112267176381
230 2070 50.56291052865985 0 0 6518.33112611291 37.25610524935616 4156.846633593653 39.19498508564546 51379.61146026615 98.47913847427918
231 2079 53.5425750609439 0 0 6991.529420446545 38.952384124657975 4933.940770956836 40.39729423892074 57755.533534484646 114.91490991392061
232 2088 59.26282511835335 0 0 7357.461585922305 42.42485062612614 5522.4130881103965 43.57628483061133 68098.11434410035 129.9595562194679
233 2097 65.40673954444834 0 0 8421.652716188852 46.846631333714456 6676.67172280799 50.99758785146369 76176.71247437967 147.2993281777553
234 2106 66.28736509119993 0 0 8598.88902998081 46.17265725782312 6824.022959857903 52.21818272344938 74749.3904960787 146.63959827644547
235 2115 66.90803239269961 0 0 8525.9399158403 46.8750228791017 6795.13076280072 51.01055721706118 77785.8770329325 153.64075455872737
236 2124 73.49843992707476 0 0 9298.92011684033 50.69239698594338 7109.567541375388 55.53984077292852 84769.46228930973 168.35352657744886
237 2133 70.76562419587192 0 0 8931.312081017399 48.912528666739476 6706.414133144531 52.39388018292263 84994.05033445325 166.100376700966
238 2142 75.62734212673026 0 0 9525.016420873146 52.389349643202564 7193.6313996550525 58.887867065018725 100180.02307389663 190.00866297924765
239 2151 76.88053719766883 0 0 9270.989650131636 52.219193948559706 7069.436441166259 54.08766730216111 103749.76546212939 199.31679723651024
240 2160 71.53145873398545 0 0 8599.661697948812 48.92368166885009 6634.602756603603 49.698713905073284 99337.66117793716 190.73279801755862
241 2169 58.76797804931652 0 0 6739.733187855659 38.71119580876766 5291.58967437093 39.89527471202528 79903.90210984246 150.34734809711253
242 2178 55.597822331728665 0 0 6644.5122626317825 37.34193110056587 4963.433503682216 38.48819250524206 74314.24315806592 141.16276913944566
243 2187 61.34531001085448 0 0 7413.883621460356 43.3035738124678 5479.440673271558 47.559905930571844 91530.85609700259 165.2337794162526
244 2196 67.73455067581455 0 0 8323.169921952775 45.489459495086926 6268.5151339592185 50.964414359050075 97316.46244490995 184.94910322119935
245 2205 70.0724957253213 0 0 8504.078870216868 46.31421301940796 6602.603120864708 52.67659394897338 105274.82769579867 200.0471956265044
246 2214 74.6903475601396 0 0 10325.893723941099 55.076372491832245 7404.056446714523 60.928145291781675 108611.12739441407 214.20525445998774
247 2223 88.02925906324336 0 0 13294.39447629893 67.87404409857152 9065.687434361722 68.96999362091911 130106.60436335555 274.73120589429834
248 2232 88.66775954716762 0 0 13482.498930151798 70.19963558379254 8917.706821767899 74.2544112892955 130868.50502745858 269.24000052745396
249 2241 86.60403390264003 0 0 12660.945487319015 65.19190778132308 8790.036912845379 69.61252258773136 129637.9212783594 266.6944850399493
250 2250 81.93935831535397 0 0 11850.145168776484 61.66076939817435 8463.516127591434 65.25624916308132 123065.1641991247 253.40753986188895
251 2259 76.54053691208351 0 0 11112.598366144666 57.47156314104457 7761.5677841868255 63.07594391034318 118231.10012372279 239.22569325317647
252 2268 71.9156531615865 0 0 10142.022722473102 51.17929835310576 7422.515993730922 55.820375236819636 112392.38087625285 230.81812084630053
253 2277 70.89931660540815 0 0 10017.631254322814 50.3871341997863 7339.483426329987 55.05721109334348 113405.57735937007 235.31489869991486
254 2286 71.48245863226113 0 0 9180.166141578315 46.002381118387916 7152.093041143184 54.809876383664346 115775.30556889158 234.95534478380733
255 2295 61.97965978115576 0 0 8102.712532134885 40.15299070256154 6320.41272275137 49.737559737486485 98756.29682622314 202.4342821655822
256 2304 58.1070576308313 0 0 7624.491553326788 38.10065752800854 5902.01246232353 47.59752531994772 88685.9914200657 180.63605138555909
257 2313 51.10236971641309 0 0 6484.231799568361 31.78610143816322 5204.806054502317 41.438513583428396 78178.75071772456 158.60149790104214
258 2322 46.30451250190618 0 0 5862.601987650806 28.73996851768965 4692.372796504467 38.022159089541184 70387.12026210589 143.02363348937413
259 2331 41.9159536015131 0 0 5067.528515998877 25.268455434436383 4050.2618320585516 34.237127775517756 62362.729190555125 125.66262598568407
260 2340 39.04006667051556 0 0 4646.511298699794 22.933837293947267 3685.2210527669886 31.33205865577473 56421.514309559316 113.62091153001245
261 2349 32.92571180225681 0 0 3835.2940988156947 19.434588375643667 2997.978838342609 26.767257077838117 47426.32875123032 94.27573881377818
262 2358 31.55620799081616 0 0 3369.7263710241714 17.521438736728765 2743.589429422701 24.491609834056522 44188.61355510249 87.468912898154
263 2367 33.67098486632227 0 0 3601.4852118599047 19.164949151423876 2894.9610502483724 25.988627617530945 47346.32634659536 93.14078710427955
264 2376 32.69502297988323 0 0 3559.761851186462 19.163703595770077 2911.0354542723835 25.738575760654918 49377.39459654458 97.81419306151723
265 2385 33.52502231638915 0 0 3790.8993837034895 20.316999111409483 2971.525133056572 27.092059358057796 50014.03895933072 98.13022555732904
266 2394 36.25721086035324 0 0 4289.593134344151 24.72353047147288 3158.348448864286 31.7748013424537 55150.18507201612 103.37216464154503
267 2403 46.83031411164438 0 0 5620.60578052918 33.64344652618002 4082.244754232518 42.3940914091261 74294.4242806592 136.4166628416379
268 2412 57.5830487996884 0 0 6883.029078259547 39.722400995715105 5111.311072110512 51.65692170371896 89331.84760540837 166.79323561505856
269 2421 64.47542610587696 0 0 7948.920522280848 44.115863507390394 5772.485006196705 58.58533133349384 98750.81152645175 185.23563877782553
270 2430 74.52348661711879 0 0 9006.696957542232 48.882045621689386 6975.053721019204 65.03967274046394 117880.3684293607 227.44547822847466
271 2439 73.61157106942991 0 0 8894.857158923956 48.39018399617285 6690.711242544401 64.68355558313114 114340.88704383287 220.04993469747575
272 2448 68.5879382507479 0 0 8478.898336532879 44.26638343524469 6158.655850166338 59.01498804442671 95865.55183635105 189.25452649973164
273 2457 66.30255906257842 0 0 7696.745445982468 40.6751227437081 5738.887959997545 51.165169675979904 87210.75186864405 171.49977598448598
274 2466 72.0878246259564 0 0 8890.364600363251 44.81714800660865 6302.534197229817 56.58334568694825 93540.2719830651 194.05699474334594
275 2475 89.36823178930717 0 0 10313.85020700532 53.001306785782454 7301.435011794213 66.98516276906604 114911.00866907433 236.49922009523303
276 2484 81.52207189238676 0 0 9263.631030142767 46.39631171584873 6539.2512305134605 61.25597453362827 103716.47345750184 214.5521222656368
277 2493 75.38998704912338 0 0 8130.3871428947 41.38031013180567 5871.595326551833 54.63134352184952 93695.95873081112 193.67511705281854
278 2502 76.05097823116611 0 0 8273.631914933743 41.6368793871923 5798.887656755466 56.19966203803383 88400.85065984975 185.8038017349268
279 2511 71.73504460802174 0 0 8083.459146423237 38.26337889985269 5569.947979194658 53.59368059078543 78784.5587213296 170.47527836732516
280 2520 75.34734955618633 0 0 8215.777094408337 39.79963597215382 5965.848218983363 56.60744337339931 82666.31698068697 176.85338454087739
281 2529 81.39848692424911 0 0 9016.932889484442 41.015199650605744 7035.181708110848 60.889858795251556 89409.3526696981 199.94988492990015
282 2538 76.28562827663939 0 0 8902.459475127502 37.710459548605826 7028.695590199727 56.22579976994341 88050.95680616333 202.69777944743922
283 2547 70.22336768076745 0 0 8404.305388972505 35.9766576621049 6481.972592328192 53.53416697182606 81900.09539153436 186.6712399050429
284 2556 75.9319389746541 0 0 9207.22502384763 40.58637205098351 7026.82255691257 63.888027713195264 92543.4844338287 209.53674985811006
285 2565 93.22431784801421 0 0 11166.043209314614 49.31534220841539 8791.51543215814 78.76544091034336 113379.47655232136 253.97327992086332
286 2574 106.63438729833159 0 0 12373.15420863559 55.22443982185605 9742.549808072758 87.7095706836159 127091.97005338376 286.24049702923907
287 2583 109.16518519230539 0 0 12583.097677296571 56.3003672809922 9846.577172787926 87.57832503091593 121057.180766473 276.71531918073964
288 2592 111.97726062959474 0 0 12103.356625060474 56.931224277613794 9378.720291340212 90.78206741582328 123602.64030038078 273.091554894366
289 2601 105.592334665308 0 0 11734.829495754542 51.0325995435318 9032.821091575479 81.99359668422011 108764.26625524356 245.771274771435
290 2610 102.44524435644728 0 0 11586.791029859049 50.0198614687765 8652.12206886933 77.83529816665262 92861.15219501453 213.53772941910958
291 2619 105.47022948170127 0 0 12452.93526006922 51.286712951105045 9601.890306712754 80.61958702257117 104996.4628283513 246.35876050702433
292 2628 96.79595593196633 0 0 10933.26179076751 44.67569374938645 8782.01236574294 74.83309555672507 99199.37183180435 229.01739539099452
293 2637 92.04569451422756 0 0 10330.770282973903 45.23829513316718 7960.844762942903 72.11663797863687 92708.2434795051 208.0405924393541
294 2646 90.08135412435912 0 0 9776.73305727969 43.4084952665407 7673.55361503813 70.04638716638458 89098.12114649871 195.02506046449432
295 2655 94.27933926774415 0 0 10536.360214743143 48.946295681498015 7915.77879088592 75.52532318374367 96784.70431442429 203.92920357425913
296 2664 95.90819130959089 0 0 10685.023691901117 48.531273111495295 8557.834036902983 75.8064482871196 102110.81115095536 219.71827720849808
297 2673 102.72557012625775 0 0 11230.961217588243 53.54648164378543 8882.76684568934 81.81934926698185 108832.79078322688 231.75526736517833
298 2682 106.63330195568692 0 0 11921.502958212284 59.202101134807734 9049.229758131238 91.13419614380895 112326.43627140003 226.98880258828524
299 2691 109.40410030276145 0 0 12773.195507711633 59.24410234261446 9537.17867905787 93.28207310641803 112061.05684183724 229.92180979693057
300 2700 93.53268638742139 0 0 10866.88883185076 50.87235833582163 7863.82975547417 79.96625014841506 95047.28536452845 192.78071690561566
301 2709 91.59049179956064 0 0 10571.216631092266 51.43977914023189 7669.377108997624 80.40602528080689 94887.7766719807 189.33425073704373
302 2718 105.70103013483555 0 0 11631.768421951037 60.414606489276736 8538.962776781107 96.38668903166318 120397.04139818242 237.46118035536307
303 2727 101.1184078639306 0 0 10341.392866189863 54.380363550136984 7667.705794085254 84.43487637831902 111727.62456129893 222.1263988358471
304 2736 98.87186398338181 0 0 10908.672105034875 55.35120057357813 7882.545338084521 89.2045532136805 110556.62530582077 218.71656847120687
305 2745 106.37292758240864 0 0 11856.19568878652 58.31914640990475 8315.96853283542 92.35583453541342 119021.81194608854 245.59469319361432
306 2754 114.01437644089907 0 0 12812.249798204073 60.228155408894374 9097.948615110981 95.45330251337036 119130.04816537692 255.4781218461361
307 2763 115.67315457520887 0 0 12793.727938204343 60.500481928385454 9182.357657592574 95.20226035957094 120245.70934065699 257.76062997737034
308 2772 116.22147553285352 0 0 12942.76023657067 58.15864762444779 9752.567341409907 90.74858031192966 129375.28211110985 286.1417051048059
309 2781 117.37786118493892 0 0 13699.344581246662 56.62804576629726 10254.794827316759 90.49730154311774 123348.31265155665 282.6290749258183
310 2790 116.94555055782128 0 0 13440.446266623934 55.281954416491715 10241.252527034403 87.5777632910366 125709.83912975526 288.6667958967054
311 2799 115.56253989298787 0 0 13425.662616614105 55.92709435427464 10371.805800867243 89.12963938927462 122259.42441967188 279.87713050790086
312 2808 103.55071610940166 0 0 12022.888723422897 49.9860694343622 9427.130295396313 78.89250185478006 110807.54502676337 256.42130223178134
313 2817 91.73875339984572 0 0 10673.199309431147 43.77294933437237 8124.0278215458875 69.28645276113878 91430.6447734027 214.20251202153221
314 2826 84.11476459303925 0 0 9831.294609519162 40.47617038651538 7403.922712405834 63.2296970802892 81949.88560572347 192.83715325296512
315 2835 79.93643758812256 0 0 9472.26842541177 39.539869883505915 6927.325094331799 60.24474094864773 76550.46899773563 178.76963947569322
316 2844 72.64740026927934 0 0 8666.720939977362 37.566110673904504 5799.196151209172 56.17175445004764 65285.79716914866 147.74216202717943
317 2853 65.4604362416522 0 0 7308.770803821808 30.619508915398516 5005.972252087893 47.85354802592619 55914.40454520684 127.07653887858817
318 2862 66.0123654776073 0 0 7419.777699648864 31.145386725019318 5063.817332814558 47.30119667366321 51947.96622173763 122.39649065943131
319 2871 62.69948379317912 0 0 7111.905917830963 29.118047932228446 4957.531796933068 44.65818414434619 45998.01080752805 113.48374093345649
320 2880 62.78081782686334 0 0 6696.951292518887 27.495543582952056 4661.390330605388 42.76591956488913 46830.519761500924 111.20961112211799
321 2889 64.7638616486291 0 0 6666.553796246545 27.276703073953982 4662.417851887307 42.81369815962688 49900.16821295583 115.01262044163926
322 2898 69.2328457057459 0 0 6937.919821417612 27.966415181372557 5036.705904630595 44.20779613719564 57290.17557374329 135.29399742051027
323 2907 73.77944809932471 0 0 7444.935753690419 30.28515527441514 5420.479750482557 47.25145698311263 64456.0944095062 146.08663825070406
324 2916 84.24919482466355 0 0 8479.620516050552 35.52940394493941 6615.5571180781235 53.564529255563684 81733.23360589461 180.16826030686002
325 2925 95.69627363609695 0 0 9595.915777038173 40.81234731291983 7537.143586446984 60.508569107987036 98314.73195784503 210.2943043495764
326 2934 112.34182510126494 0 0 10982.674475869806 51.779839765092184 8790.636668974785 72.5282719692373 133196.37937573812 267.277171811164
327 2943 102.90783194000878 0 0 10104.762384505437 47.85370941922651 7998.165047111543 66.38281883545338 124004.70856073445 246.70492195622157
328 2952 92.62972589775771 0 0 8913.820479442962 43.362989998156955 6946.349359357521 58.79516762265185 107343.8873514298 208.38348294592817
329 2961 89.77788710668815 0 0 9165.665090977855 45.505923754313024 6665.905421946185 60.17472861281021 105944.49102060463 200.3584116300929
330 2970 93.77064020229723 0 0 9548.094114777787 47.15986703959349 7120.4629081211815 62.42352712867486 112834.10049463603 212.78763934464683
331 2979 98.3698001414813 0 0 9571.660549460203 47.91170464881082 7436.7980728357725 62.03082041922379 122583.52043174367 229.61801470584345
332 2988 97.20537001151337 0 0 9383.985498658954 47.13252731126606 7034.6055534434545 60.624315475532626 117396.85875160406 215.3607315294137
333 2997 86.43988681611297 0 0 8237.997357503727 43.246253162082226 6245.050646354483 54.651003047282124 109877.8429648867 198.1801801737189
334 3006 107.51619068133508 0 0 10455.028303837626 55.93264448776542 7808.456297705282 68.36447052998228 139187.17435854825 246.17636159744876
335 3015 110.11910460296305 0 0 10486.684983251349 55.91157093735214 8062.645673383328 67.258205109636 141804.4720253169 252.41799233996468
336 3024 104.10704460025003 0 0 9424.877100338454 52.13194462669511 7431.676985302182 62.96570862892377 135464.99729689723 236.73984353777414
337 3033 103.71376490700541 0 0 9309.07719152242 51.61767813802193 7615.3951786225225 61.46066135302564 136701.9792198884 239.6975911495456
338 3042 100.55792900434199 0 0 8395.184696502425 46.69072903704615 7128.023766403278 54.028344067613155 125999.80281571075 226.05861047827037
339 3051 115.5950293916174 0 0 8645.343630490812 47.35722290595727 8110.049779126191 54.75500262150576 140002.41204145522 255.23718622248592
340 3060 120.55229794314008 0 0 8814.420658489045 49.63205918384944 8738.50865279265 56.81364137853714 149362.61369860815 271.1201537470778
341 3069 119.91148829042508 0 0 8297.80859318017 47.800683444210684 8188.836420467992 56.26958997193927 143113.36406191977 252.38910366992667
342 3078 100.87588761776382 0 0 6732.0869404505165 38.570023180783906 7024.892194182595 44.18838011258979 119679.73743054956 214.58828700487857
343 3087 87.78640615629519 0 0 5853.143547206381 32.3547556809191 6153.123762865102 36.78383025994941 101985.23664220564 185.59338952218667
344 3096 79.78957192519316 0 0 5392.971640510699 28.199772252519438 5410.472344287815 33.60238844881308 86627.91036074865 160.95902102742258
345 3105 84.28121040720212 0 0 6332.6855328332595 30.32759396886564 6093.2759942451 38.67457357865698 91043.04138934183 173.0166570648452
346 3114 85.23703841003537 0 0 6663.250878502078 30.622567958935157 6221.807404926511 39.510306913484115 89242.7172013873 174.8633304833395
347 3123 87.22602719038672 0 0 7030.725623260652 28.499558564119667 6774.169487517287 38.47828182278265 89289.83315967816 184.35925438459714
348 3132 78.48066904409339 0 0 6481.721931203594 25.26121624819554 6017.67920331364 34.98666032622255 74289.20796724063 157.49965279833148
349 3141 73.357559445715 0 0 6040.4571453274 23.52880008502953 5374.881231363916 33.24935031393419 65205.7204660783 140.7131585848232
350 3150 77.91815249695857 0 0 6647.146980944184 24.6599527868752 6262.669775605282 35.0459931273842 74987.42491690602 166.08441274761537
351 3159 82.49399092784293 0 0 6854.380317027734 25.08771560849369 6448.77058656819 35.73862790391622 76739.93999893754 173.16304479771478
352 3168 74.64916700938176 0 0 6138.111761917565 20.620285062634956 5839.211156119439 31.657601808947355 69405.95855523179 158.44304074447263
353 3177 71.88643311573996 0 0 6051.64422931873 20.558283732062073 5674.600398327427 31.909330360503137 65993.12743849326 150.22043872647524
354 3186 67.15821646942325 0 0 5763.641775670229 19.06810374192535 5385.272381671188 29.53442172999865 62076.74407954515 144.99866976651285
355 3195 63.396099162040294 0 0 5323.656495545956 17.914223459776935 4967.239359894865 28.07810103562035 57361.89869978667 132.66288730041066
356 3204 62.499246915463296 0 0 4943.969350511459 17.707712394682925 4475.799858480394 27.647934035972174 53109.0926758292 120.05347518096578
357 3213 59.30326663784532 0 0 4681.932242410776 15.452795766535253 4341.87979315395 24.426893594871103 47865.45820602179 112.10933268569343
358 3222 55.96777307184122 0 0 4254.4232083787365 14.389993363209223 4028.633908352073 22.48912153026028 45337.2039897479 104.41156594440493
359 3231 46.45088581848572 0 0 3300.320570755731 12.061329229168864 3138.6413566079664 18.04449793348852 37530.83966448708 84.0897964042486
360 3240 44.38825700587136 0 0 3104.8096292732366 11.414640757434512 2972.3281126052625 16.666384254177075 35892.26909887934 80.5031502966512
361 3249 43.66687026602146 0 0 3045.9008381584676 11.346517013087642 2948.4455265455767 16.497573487243674 35033.56841513934 78.67123721929212
362 3258 47.634509483007164 0 0 3303.9485137132256 12.243415335110168 3213.0195298313147 17.725719583340517 36642.20236545352 83.31745166082436
363 3267 51.68053103452945 0 0 3383.6600676094636 12.754358089837897 3324.9490011154894 18.162517672993335 38517.23863475529 86.63840892931492
364 3276 53.287618695944026 0 0 3490.253064376774 12.304921921620268 3383.5818810522765 18.289685764146775 36047.22925772558 83.53634856602227
365 3285 45.92317993811342 0 0 2824.1712508122287 10.505736059517172 2714.557930826629 15.182776276045882 30164.300733523665 69.03353467074331
366 3294 43.546812455345986 0 0 2768.1512770882005 8.974458657746107 2641.6682309305484 13.933935351098313 27319.48473803739 65.23966611922303
367 3303 42.60367575799134 0 0 2703.63058384288 8.848332634945923 2600.9626337282034 13.811941765793861 26104.658374663068 61.895064126217186
368 3312 45.769115083893716 0 0 3036.1017802941283 9.150667725714806 2912.1023975031476 14.60574193110757 27526.686178847016 67.7616509034187
369 3321 52.86935080124337 0 0 3582.7609744670963 10.407235706840058 3614.415991042686 16.821203182887302 34343.71008865565 82.31269813553772
370 3330 57.759667164848345 0 0 4020.284537413043 12.053240650661175 3866.9906578417144 18.80080645604871 36037.087762745614 88.61095022606338
371 3339 63.949090671507115 0 0 4301.427108593991 13.70022788883565 4074.4323318054157 20.114589691251805 39843.56420911981 97.4197987618532
372 3348 68.72042212224225 0 0 4498.569233460592 14.92209831430368 4215.398694958466 21.27384442185439 41648.609382823306 101.19294649668059
373 3357 66.44222297331785 0 0 4193.088834917967 14.639326444907214 3764.1319272511923 20.45263457051932 36967.1917340533 91.08724501436798
374 3366 67.4812055677061 0 0 4340.728221587104 14.212546175549745 3915.6508170859956 20.843644024566416 37123.18567020859 93.62838258908285
375 3375 61.474165081100075 0 0 3800.1794797797274 12.563822555285975 3466.6679926449137 18.69147330234599 32907.51877292301 82.41158380542703
376 3384 62.42543083004609 0 0 3603.290429580734 12.322767038996002 3355.469224365438 18.240147230263 32673.24180402324 79.5630690037784
377 3393 60.30276438876102 0 0 3270.152039531374 10.81895504395943 3221.4169048518866 16.40351087462099 31447.693536031333 75.77923449866822
378 3402 64.94220695475911 0 0 3617.8835333743527 11.499715569972883 3426.957740777647 17.46675183010646 33657.85178706715 82.2182364182298
379 3411 64.70411360686293 0 0 3585.4625743378197 11.211776077995998 3338.227464536503 16.9965642661237 32529.051906421533 81.0187839149507
380 3420 62.438019344094194 0 0 3603.872031575719 10.542562097307064 3337.5463476049867 16.601553784011216 31530.49918223575 80.45029912038711
381 3429 66.06344425777134 0 0 3815.0572628561863 11.258777571409519 3529.2642777173087 18.726480578302922 33022.22100434845 84.210774886571
382 3438 70.20755178144464 0 0 4002.454699470482 11.666507197350484 3719.2355923207588 19.733006701811227 37578.0952890533 93.55284911184786
383 3447 68.556769903776 0 0 3995.8977641688402 12.464093429156286 3660.372718109022 20.173607891283424 34894.78530762511 88.45314086811682
384 3456 62.444212437756796 0 0 3443.852066079203 11.614804464704735 3115.373386592396 18.77186754956905 29848.724582363266 72.47982014210055
385 3465 65.25669887638055 0 0 3506.085179776303 11.930675887927867 3197.419573435283 19.836935535425027 30175.747720595944 72.25287845738318
386 3474 58.19711481594968 0 0 3141.0359593634466 10.209774862210523 2892.809274797959 17.498454009534964 26691.610846530588 64.2840491470747
387 3483 61.65662425775789 0 0 3201.867222020351 10.833061381507266 3008.342434228108 17.59577304580319 28574.444618710928 67.26110742264996
388 3492 54.05888793327042 0 0 2662.680573048535 9.337941297786184 2536.4744162233897 14.301648657339102 25340.77736538829 59.21490319842672
389 3501 54.94481921084361 0 0 2738.350017703425 9.18083570788845 2569.955609353727 14.693392427258935 24882.470823505442 59.48599703602021
390 3510 49.3755947051114 0 0 2529.841862740958 7.997358542034525 2369.3250214186787 13.165800595705997 22785.135707117515 54.950665815451664
391 3519 51.44000795328707 0 0 2711.927741961248 8.095182813951212 2630.7957083870374 13.8804564287695 23657.2997748271 57.36180831392202
392 3528 58.98048207284441 0 0 3116.4992425080313 9.309061763284559 3288.856860866403 16.68586074576189 26451.54828960422 63.139658315125516
393 3537 69.87934874638897 0 0 3602.844561813205 11.566088389559598 3896.2140145103335 19.255803099812027 31306.209032144056 74.94159836492243
394 3546 68.3179759776383 0 0 3548.6589031117305 11.098725182685023 3846.071827523503 18.975379662859417 31097.459217460084 74.37361751286464
395 3555 70.79141830039859 0 0 3593.2640853860703 11.036541531809334 4221.746543961386 19.087354470669784 33923.36906812222 78.34686432228389
396 3564 73.96379875630787 0 0 3801.318980458845 11.016915128681553 4648.885061802528 20.387689685735747 35958.52938100295 83.11840154168962
397 3573 86.96303443422742 0 0 4520.593831645299 12.869137725928397 5825.944739071352 26.25053672609212 40543.10938676211 93.89709074456114
398 3582 98.530758696409 0 0 4822.30898305655 14.065147531710828 6238.385683781349 29.839612058730065 45207.700237651065 101.67664454884942
399 3591 93.8247685485515 0 0 4723.077560452482 13.01273262440385 6008.801665157868 29.73930911077854 42294.92908810242 96.29273956216038
400 3600 85.61707989884364 0 0 4332.567654559825 11.707795308692809 5392.413869907173 26.75930089888341 37845.16411044576 88.08448903576557
401 3609 82.0818305542654 0 0 3862.299162571939 11.058602441634061 4652.161531895689 24.12041032536978 33461.42597124838 78.52937305665743
402 3618 92.07605717348748 0 0 4402.876188725714 12.174336354180364 5240.487580658444 26.683734458317858 38913.74472908724 94.50457720729486
403 3627 88.15030021016466 0 0 4206.032762057366 11.957982487925893 4933.799784224127 24.451951664815226 37513.15479451361 90.85380009133256
404 3636 99.40771573619072 0 0 5027.555039830055 13.29292165297262 5882.50242198049 31.320776632296727 41434.77776881138 100.66146629542392
405 3645 86.02540105227095 0 0 4387.407494050368 11.490502052313245 5130.442468111626 27.400769108337027 34590.22801305186 86.56382056015099
406 3654 87.2511003922924 0 0 4932.418411444133 11.79326388481594 5600.43681646723 28.391332275346066 38495.35472531444 98.4782295520634
407 3663 78.47890282137298 0 0 4506.6477100461025 10.622882222762401 5032.604099959827 25.704772294901453 33521.75604730489 87.40856961791503
408 3672 68.80869657216603 0 0 3777.8721584842006 9.190325233992619 4186.201566477228 22.22036753653285 26818.890344939056 70.57366999919357
409 3681 60.713867766590376 0 0 3146.86336097894 8.010706731999546 3574.6161479518832 18.63931461833135 23384.56449093206 60.26592692914666
410 3690 60.871221928481695 0 0 3215.0552140550035 8.161929571920407 3637.273083227445 18.255881625900397 25459.870774235274 64.60885518621492
411 3699 62.656218976955984 0 0 3254.700986954811 8.057229766711439 3722.492005189967 18.91291043393333 26555.00705849583 66.06128429711761
412 3708 60.51462944830492 0 0 3074.5762923543157 7.889941840176544 3475.5426819179015 17.84030876049314 25788.019370959697 64.20185722003917
413 3717 65.89001838222023 0 0 3393.8298497715436 8.456451781022576 3721.8309544018166 18.828081362085154 27415.545709909555 70.47384690622943
414 3726 56.72594472068966 0 0 2775.2092769169462 7.225508945547813 3049.7603043276813 15.886089079354138 22189.772271979913 56.36031437370187
415 3735 53.09617134646629 0 0 2499.1255279229877 6.841561483555778 2761.563643627041 14.41567609729147 20423.858061387476 51.24142670999822
416 3744 48.64239802357552 0 0 2302.3589408912267 6.160657047252666 2520.5343998995295 12.987301385490568 19289.87930774125 48.29828401142105
417 3753 53.14550912574573 0 0 2742.7930166934975 6.7418926892450886 2893.9398941591967 14.592709248959142 22094.66111933994 58.577873835057616
418 3762 58.44059391205332 0 0 2823.434622684938 6.9584677255270675 2919.2412143171437 14.462571306453961 24025.582246840804 63.893380633487844
419 3771 53.160076441968954 0 0 2439.104901977563 6.241185467817289 2538.8632510778134 11.907962760444734 21839.399534140484 57.85075047669323
420 3780 48.360803680309836 0 0 2261.2563984574954 5.507319842113338 2335.610856894274 10.841530677630331 19741.563003105835 53.14608914783529
421 3789 53.86304207301417 0 0 2424.771978847669 6.069628503441417 2585.8684894518983 11.97720328859268 21850.672245120168 57.920205806026054
422 3798 57.38700740465471 0 0 2409.1642083420784 6.62056245565825 2587.5562440171016 11.448872022354454 23970.81017817585 61.32747170691758
423 3807 54.032979839363485 0 0 2172.0671388308365 6.252563048653263 2282.565703592363 10.460192551097984 22666.696865088128 57.25881608300454
424 3816 50.742417583559444 0 0 2059.7765741573153 5.844885404633579 2116.423283526144 9.516665520314834 21146.993076872055 54.283780934688124
425 3825 51.25397571104744 0 0 2064.235065287657 5.4496566343725865 2174.21814821677 9.467255707144545 22153.746659892095 54.910092336336845
426 3834 54.386551568695374 0 0 2170.481981454426 5.742363146030644 2331.210447404265 9.815690051648492 23279.251810453636 57.28356547919825
427 3843 68.5969362978239 0 0 2572.6756448634455 7.18341433336533 2865.1231782531513 12.574734120240066 29390.6103702682 69.3193327966174
428 3852 84.40383935992301 0 0 3185.6295530590155 8.677782668310483 3569.0860565674966 16.271568109374545 37265.9859802402 86.55192850913723
429 3861 95.9587783115959 0 0 3558.3342980966504 9.284381371585058 4078.883509439547 18.886043415891205 45176.18640796498 100.27624192086263
430 3870 101.49301516956572 0 0 3777.61796434895 9.831461000966442 4077.173303762693 19.471833348557062 47945.79237367395 107.87689754956358
431 3879 94.01597825884019 0 0 3338.669187371085 9.45025681475608 3715.767752104899 17.206689626282948 41864.26676033838 92.76541919072397
432 3888 85.28526347942507 0 0 3026.982456527028 8.56400887323204 3367.503854898523 15.943730321335428 37323.711816117495 83.78711066560207
433 3897 79.3963092957941 0 0 2792.302545021748 7.754288531887829 3076.9863950112026 13.973307954652176 36682.798658348605 81.69705445169221
434 3906 73.30106013405683 0 0 2594.760996357207 6.903255721708073 2804.2497306535693 12.680064935303102 35639.519641344064 78.30663402682056
435 3915 73.33500175577458 0 0 2642.493617191181 6.8173092819173045 2799.361665588972 12.745280587568667 35005.69835705965 78.05951308130176
436 3924 65.79175750586471 0 0 2408.70511223218 6.034317335118467 2504.70628767852 11.417730167065455 30219.105881730273 69.55894131881814
437 3933 58.531186309455876 0 0 2122.388667466764 5.321030775401634 2210.570274192129 9.390887428300635 26187.981630093724 61.323754893786784
438 3942 57.306717365086044 0 0 2064.7056649489514 5.193395545080175 2172.413957058738 9.457960084572582 24807.346124045383 58.06937119765349
439 3951 57.632123232450255 0 0 2171.278715533588 5.275620364545404 2292.447794530447 9.545125266394706 26326.68767365042 62.832222364965645
440 3960 56.65206780619357 0 0 2128.5941307906915 5.18444658319072 2167.766624702038 9.515202749520038 25024.569351297258 60.612399692065594
441 3969 53.68360150078845 0 0 1966.103725578925 4.893222394326823 1955.7148215331904 8.24353861563489 25075.558464089907 60.235330364157726
442 3978 60.07035203966419 0 0 2176.5044395494274 5.886684314101438 2145.251626509385 9.643313061784022 27364.472894522292 66.44529763115801
443 3987 65.26988430258541 0 0 2509.7795590759297 6.338821145403111 2414.089662791523 10.564486213891513 29107.2011461652 73.427424609947
444 3996 79.40531655823347 0 0 3188.827447031268 7.8519297923456435 2929.3218816108474 13.23351993671733 33723.133955991805 88.50049428878258
445 4005 83.52986608376533 0 0 3222.66048625554 8.066859711847128 3053.5031221944605 13.379281596333929 35897.307711230824 92.15520162584166
446 4014 94.70590791266645 0 0 3529.3168006395695 9.23340653647165 3349.035490516132 14.50491123817415 39727.98736905698 99.90172826173844
447 4023 85.37038859900227 0 0 3111.763315351481 7.940042880336218 2980.758290326089 12.685398538319543 35669.44272876221 88.91184079967996
448 4032 79.50980343017528 0 0 2915.7106001582224 7.560073434361141 2744.1147389928324 11.462934115532484 34366.56163449854 85.75132430960863
449 4041 67.94570854942646 0 0 2400.0006100109863 6.393311493743256 2257.302921050556 9.790427735592065 27409.65157097566 68.22171776814524
450 4050 69.97261160152965 0 0 2706.9594580642106 6.768099301951728 2443.2298183033345 10.41224583494398 29766.775537656595 75.70303310908328
451 4059 62.1811405759616 0 0 2412.350543617471 5.789877334342556 2151.466148428884 8.91915894053262 25757.404312803148 67.1205533117396
452 4068 68.53488930074711 0 0 2673.177285127011 6.4827641146712285 2373.8205374255003 9.753352456868784 27600.148374394765 73.16564747379952
453 4077 64.21758305142428 0 0 2485.716813980005 5.93839431861522 2175.6969890643513 8.753223556559782 25873.559350419127 68.86753685294119
454 4086 60.581312936332665 0 0 2257.8270228829083 5.488327582672579 1930.704537748815 8.096461228611924 23857.13152952711 63.209549378788296
455 4095 61.07968779028699 0 0 2330.7579688082137 5.3136099019830505 1951.8793734036576 8.046775063214413 23829.93617502867 64.07794617358064
456 4104 55.79675707142911 0 0 2101.554341557233 5.032789912213127 1739.022569657395 7.070733545255334 21604.804646015837 58.01913076864076
457 4113 50.94564432711061 0 0 1878.2794990400562 4.415904139850705 1569.280708529544 6.537596655336981 18943.383380389987 51.336374052655785
458 4122 50.601123550995936 0 0 1831.086361663422 4.293318706322832 1529.940073699165 6.512844262357275 18237.47041270709 49.511162326110195
459 4131 52.053006638306684 0 0 1863.4991573086559 4.339644444882277 1514.0037659741654 6.055551199716222 19109.452854832012 52.578714297300614
460 4140 50.540946979421584 0 0 1741.6385810714273 4.470441385746916 1399.6269446703736 5.782948804239499 17470.471126202116 48.33501005170898
461 4149 43.60338896085008 0 0 1454.2992120689057 3.822288087000924 1174.636451292593 4.963795479081937 15083.376467180738 41.09963966262364
462 4158 39.321417572450244 0 0 1318.6612779658562 3.520675840849439 1019.5918333782611 4.32818075869436 13956.279304750637 38.05540094359769
463 4167 39.85643029757813 0 0 1339.7176245559897 3.5481925446377764 1024.3212840296935 4.3728640679192186 14164.316676187678 39.067794530525184
464 4176 40.033768907654654 0 0 1323.2004785384183 3.7931612618666604 1027.5928711081751 4.314555434878122 14998.404189854085 40.14812079679145
465 4185 42.67166103824927 0 0 1414.282636031425 4.232778597407879 1109.3295725276967 4.744423704059375 16101.4995936565 42.89520359800759
466 4194 50.004054494366095 0 0 1899.7504253997643 5.454709276449334 1509.9402336692165 5.856628591672121 21761.15363216622 57.45183924766847
467 4203 56.715232380767546 0 0 2131.0575400041835 6.2960716702415835 1706.2343306869207 6.630246753309004 25163.907446419453 65.62626165336499
468 4212 54.90160688730231 0 0 2033.6701258329845 6.055615484813953 1605.835663374161 6.1929424486806495 24012.312711389408 62.908406389984066
469 4221 55.3108982201889 0 0 2022.678795328105 6.188469189348126 1602.32235164597 6.030622495785123 23559.24196994295 61.72587125480993
470 4230 44.7735273299983 0 0 1553.6229835073195 4.9329231883636355 1221.1391211991436 4.813760027426689 18088.512035064523 47.49914174278199
471 4239 40.082959715168734 0 0 1350.0420043807012 4.457251314527631 1058.8916273925743 4.330544326609592 16454.324674955216 42.463747992289676
472 4248 36.998876292266516 0 0 1245.687419587907 4.07091162086532 970.1816184666485 3.8537970655276834 15544.696838719623 39.94294451631247
473 4257 34.07571285895669 0 0 1167.9029355910545 3.6924336331345025 893.7584694978344 3.315838868633245 14489.085132058073 37.578385743450994
474 4266 31.239857354025208 0 0 1021.0635660897701 2.972901736851349 786.9999945661646 2.941493973886348 12068.012030533577 32.002348215039845
475 4275 29.92417852914635 0 0 951.3229426772699 2.8769067134780624 724.84931599454 2.7472400557372807 11346.97992721899 30.018274732230797
476 4284 31.724281391623887 0 0 1031.315243182606 3.0342074804380035 819.6345498607136 3.0071099665159533 12184.737846842027 32.17099202129619
477 4293 30.01607933759255 0 0 943.4228323985789 2.802366441540574 770.5109934043741 2.8262032824135774 11476.044384855039 29.854878263344016
478 4302 33.52092087147203 0 0 1161.0191327864986 3.1180937496343595 923.7853958968892 3.149024641190049 13176.450532147728 35.43475858049037
479 4311 34.20717425271891 0 0 1323.376133759818 3.264510537014538 1047.661350392017 3.2716643031546764 15199.193436997377 40.81168272049796
480 4320 37.43589777735837 0 0 1388.4314532084138 3.472176960087241 1102.9775306103293 3.891286959244399 16141.461745416684 43.08682252035311
481 4329 39.58282066813359 0 0 1418.3428122763426 3.656818161853711 1113.4897547845453 3.9827493380281846 17084.661587017563 45.40424314392881
482 4338 50.48986838541315 0 0 2091.738266895061 4.376963793397272 1635.3352123310049 5.151955169220017 24896.620049275083 66.99985676218743
483 4347 51.60543777900444 0 0 2052.590722403479 4.401133213460487 1573.3009600726505 5.027148579174102 24886.474198467724 66.77593147749235
484 4356 53.97200032145199 0 0 2156.432974664271 4.590828061361697 1655.9735764468567 5.157881005895106 26555.885466903484 70.7723155076619
485 4365 59.03026339670756 0 0 2305.3208634162174 5.166625230707899 1784.5057157133583 5.554273404854182 28568.583167794364 75.93167857161149
486 4374 63.16427676371082 0 0 2336.8093395201595 5.504926368374839 1807.9872705620876 5.6987347075654995 30030.702721649195 79.0691871945853
487 4383 62.30987301867562 0 0 2310.358289274536 5.1542378325068565 1803.4190780633173 5.574191473855728 29633.44549913523 77.88068462283499
488 4392 54.33037986330052 0 0 2044.889020732393 4.3957761458294415 1558.2425718028137 4.579420739801153 26206.730478729045 69.12326808176262
489 4401 60.740636983635 0 0 2363.461325724072 4.834059723245463 1827.7645206655316 5.200785386024337 28729.00101344846 77.21927653617152
490 4410 65.40547892568938 0 0 2548.508024089069 5.452254891883373 1995.0891694833506 5.585462648499865 30265.028102563785 81.86630907780885
491 4419 68.41229766952289 0 0 2672.4519238196735 5.746535285265509 2069.1345470275123 5.850907668244885 31804.974579952017 86.2590432559542
492 4428 84.33777481231323 0 0 3273.548165812556 7.120641005582356 2549.6212859258435 7.151612405890238 37733.55275411811 103.6355943600545
493 4437 102.82379161920439 0 0 4168.659202026905 8.666676019649223 3256.8976872987673 9.024147065377417 47582.04406620784 131.08864898613996
494 4446 105.36397830473442 0 0 4282.869434765473 8.370758456169613 3351.3522695468423 9.345294146933377 47764.40631519506 132.57413607756604
495 4455 118.66026480776016 0 0 4783.819285902927 9.435166612308786 3763.4810646041988 10.688405326597053 52800.930173814995 146.40241605622802
496 4464 109.45953708066705 0 0 4497.64894534476 8.610886436970537 3556.6271480098153 9.835178850710289 50261.846263510095 138.55691904728198
497 4473 98.92703161884727 0 0 3913.851708124177 8.087070550992633 3050.0453793123816 8.214537976883985 44763.66986482513 122.60455825726935
498 4482 92.84476390607968 0 0 3781.886662485253 7.730605887711094 2972.673387699283 7.798846464236654 43397.84680319158 118.48540392396148
499 4491 86.8217415985028 0 0 3549.304579191459 7.00708191836631 2805.3129883561674 7.344189258807757 40314.02045435836 110.49198601106094
500 4500 81.1733847120093 0 0 3113.6429816369323 6.682081217859656 2399.1758442472674 6.592540641017516 36946.929794257114 99.72418524881901
501 4509 71.28473146345418 0 0 2816.0915104571777 5.768978133625449 2147.2120177103943 5.670294034876246 33493.038327933195 90.65735123857672
502 4518 66.7474343013196 0 0 2638.365777241315 5.165908281482093 2025.940519219696 5.085642553024649 31329.31640831322 84.88809251962361
503 4527 62.334643296006725 0 0 2469.7246324198095 4.985580654143909 1886.3884091024884 4.672407491269617 29296.816313820906 79.4858105958545
504 4536 61.31079768521491 0 0 2398.8854379349173 4.948529564462505 1830.0866451442716 4.662535189935096 27778.857102056554 75.95981977473036
505 4545 57.12021745950116 0 0 2159.4778926089816 4.290461083003229 1649.8939493579974 4.274358205301999 24682.5174067984 67.73896001107917
506 4554 58.980211225409306 0 0 2271.8991594493014 4.165935760091239 1775.1149840954092 4.3873113245519955 24862.923073703878 69.61205619078514
507 4563 63.332309288121216 0 0 2538.6416484830365 4.354079273210528 1997.109133008369 4.602850162686008 26968.94978582238 76.59892426908173
508 4572 69.00273388509055 0 0 2859.191106390343 4.391862565559099 2280.687656936192 4.9667512721991836 30382.130928460727 86.41345475139768
509 4581 80.57196994319565 0 0 3257.611419476556 5.123564727722883 2587.7258560223 6.191053409701025 36095.04269615333 100.50104063383868
510 4590 82.21387266132224 0 0 3405.1514866747384 5.172461543357961 2699.620702825138 6.604306947676311 36339.83587195616 102.58716552852819
511 4599 82.97784729458874 0 0 3613.503949550277 5.403991537390138 2866.3686234603374 7.0573479658167555 37649.585961385885 107.56437391035205
512 4608 79.97778712371088 0 0 3569.2209100101186 5.281714604454386 2853.7576190070445 6.757105154710487 36668.17762157803 105.53989812001204
513 4617 74.41628713651629 0 0 3274.447674921013 5.414530647740811 2609.3541497879396 6.076143170526694 34464.93184752794 97.9695981070866
514 4626 71.7566955997703 0 0 3067.1955709483514 5.176825206574517 2441.010305973387 5.187112182953783 32790.11299941432 92.86725810486918
515 4635 74.98817033747417 0 0 2991.2528733444537 5.488755738171524 2392.3433429333213 5.1905513799497776 32004.468834888954 90.51712639662941
516 4644 70.64265540351113 0 0 2829.928845993325 5.123194100630792 2263.9263364311273 4.91225295885392 30093.585266370334 85.30845056249676
517 4653 66.96257560377329 0 0 2705.762065809774 4.851749695501137 2178.7798706900176 4.765266501399377 28812.082668082865 81.47103615346981
518 4662 70.03884770476091 0 0 2655.292828987937 5.379422334651444 2156.096129051851 4.4515798255564105 29546.559191561544 81.91941884592515
519 4671 66.31483406726248 0 0 2577.031593234673 4.890457664278537 2092.1150062361758 4.30956886552938 28202.017758219463 78.86831040703052
520 4680 66.57159996362589 0 0 2600.888277074121 5.247643638613081 2105.271198390433 4.331193189949198 28306.490918450487 79.41652361819534
521 4689 72.74690656065125 0 0 2952.083187649298 6.0051566224056545 2363.002775170553 4.797698587575243 32028.835069335244 89.99584019102974
522 4698 73.83445092412862 0 0 3021.2012585952116 6.239718765885943 2438.9966493562174 4.831921235343878 33941.87617826119 93.26885579065033
523 4707 63.8769761233038 0 0 2629.5129875821913 5.229950385145764 2113.890757770289 4.286973748519215 29145.90966567686 80.48906895829022
524 4716 70.27032220569215 0 0 2770.1329437229783 6.0831305698552045 2236.5710749537266 4.553129094853216 31163.603862644755 85.2444394815874
525 4725 68.69479991134844 0 0 2553.380271070012 5.81360968425141 2080.286787227804 4.282641148569068 28666.289465158905 78.38248924091441
526 4734 65.48574850069842 0 0 2356.9605710209967 5.229042131445691 1918.8403796212897 3.937657821502953 26605.830733838604 72.5464675365692
527 4743 60.03645696117954 0 0 2181.336420342841 4.820881690658883 1778.2305249178821 3.528134957032416 25194.37528400693 67.98124579811899
528 4752 62.538204282962795 0 0 2230.1710801967865 5.1510972520278395 1814.844682594938 3.5263968151505547 26131.1767197633 69.71998947702284
529 4761 60.38081083100709 0 0 2145.269420396574 5.059171580296186 1743.3913349734926 3.379576129586574 25081.699410330148 67.06848842069269
530 4770 60.35958910536482 0 0 2220.5573847240184 5.277138578327592 1813.9188802029112 3.395480349438941 26298.59921437996 69.69467866924867
531 4779 60.03798010671359 0 0 2355.991546649499 5.088038289002616 1925.9048999918703 3.5791263638975344 27366.552002470075 73.160540748131
532 4788 59.683707784194404 0 0 2316.545561246091 4.899686249306458 1902.8610268940774 3.544975740761923 26865.86862491359 71.79239581079709
533 4797 64.52051410011279 0 0 2505.8801471465435 5.531356704981125 2061.374884068521 3.8740809155198046 28938.474237644685 77.60692940751603
534 4806 62.52959081360123 0 0 2410.176244679332 5.374168034673093 1973.4772382921383 3.692491496099023 27768.152505588325 74.73917684408846
535 4815 56.9954858738448 0 0 2142.0005723519935 4.708737530426286 1767.2405950006373 3.067843011915971 25120.50139674861 67.19013310737418
535 4815 56.9954858738448 0 0 2142.0005723519935 4.708737530426286 1767.2405950006373 3.067843011915971 25120.50139674861 67.19013310737418
