% # columns="iteration, evaluation, void, void, void, xmean", seed=402735, Wed Aug 24 00:30:58 2022, <python>{}</python> # scaling_of_variables: 1, typical_x: 0
1 9 0 0 0 385.46970653089335 4.153857974627178 745.5019469143921 6.713827829943827 4760.961150392718 21.266179271914393
2 18 0 0 0 479.5999555422274 4.062935272100817 592.905587456275 4.894148144296121 3528.2071816338394 21.526925231193065
3 27 0 0 0 681.7486511597531 5.672158617852252 512.934321187518 6.767832492170367 3548.642253764164 20.638385764434542
4 36 0 0 0 410.74185193753647 5.115315298704935 505.8248214505185 6.466378066471435 2966.053010093808 19.61280560294324
5 45 0 0 0 593.61344030781 6.631896719054065 306.698836896963 6.9859966650531335 3069.508339227239 21.452566841869142
6 54 0 0 0 482.65373336252696 8.270523379582645 160.7881340218964 9.664073503241651 3630.8646475349456 22.118115757588402
7 63 0 0 0 462.68849940336156 6.234918370109378 305.72067844770726 7.583488659428932 3246.1663318530177 21.42026102149747
8 72 0 0 0 330.08178126963753 4.439818679589686 308.1557519836402 8.211009208478984 2142.2714648828783 21.230486673614134
9 81 0 0 0 269.9917420446508 3.430473813464848 473.44997290956127 9.045627269658636 2018.1628692365916 21.291425127886583
10 90 0 0 0 265.783861544415 4.563655663140005 555.679673555492 9.109575532325007 1081.2040733951144 20.51947380468892
11 99 0 0 0 41.13273641525356 4.612551703982115 597.4752876606183 8.77962672181255 780.7589900354136 19.82715000162878
12 108 0 0 0 -27.443115517979138 2.7557525511562213 794.3613412271761 8.058426207207619 -631.4913973598597 18.689131956277016
13 117 0 0 0 3.550639928237999 2.7910997819514343 759.7526081047464 10.913697139455106 -454.4331912192257 18.971235569652936
14 126 0 0 0 -451.4536987804344 5.188363667574778 818.2949287874367 11.574242781185285 70.22819217557128 19.92973028872191
15 135 0 0 0 -339.67910457787235 4.558178987010497 797.4778128760081 11.625003846896941 1038.4845206519092 19.70539441682236
16 144 0 0 0 -299.07375125560145 4.381995904433665 915.362740064515 9.77707760336179 2279.762283417416 19.55233955711334
17 153 0 0 0 -102.96245567883207 1.674799849992017 1029.2306661599807 9.781961064364618 2409.3489349643546 19.20716911163845
18 162 0 0 0 -296.5672706279117 3.292707266324173 986.3674860945641 10.600327019685071 2390.424702738485 19.782825237403227
19 171 0 0 0 -142.82772667584825 3.682618361583658 930.8365230501402 11.011171467486932 1881.2284466139765 20.513692420088134
20 180 0 0 0 -184.4129045988467 2.7162122272595752 865.332868349879 10.281826076019346 2531.5575711193774 21.718121518957773
21 189 0 0 0 -392.30271963662193 4.147043555452201 755.372319042912 10.679039260529532 1792.6649800293173 22.40024290536904
22 198 0 0 0 -441.14069683413715 4.3611043685679345 728.077131061611 10.668450408308102 158.78439273640333 22.03312114634125
23 207 0 0 0 -694.4328205837468 5.438278497144914 753.900177247831 10.36887993508359 -500.46266904699837 20.51479349220745
24 216 0 0 0 -418.9332749549202 3.8403552431321653 832.3987768289584 9.227836557413697 -117.08291854782772 20.652460204651568
25 225 0 0 0 -342.86264681999126 3.268222699254622 891.1162400889491 9.19025082820513 147.9019137825365 21.909940017489568
26 234 0 0 0 -333.395763175202 3.254607362901228 809.2171926000559 7.985658888116702 577.1028409200725 21.454395386513884
27 243 0 0 0 -478.38377592117723 3.101071493941346 795.4623964515857 8.173584111698819 108.53878709080846 22.52780801453552
28 252 0 0 0 -526.7314427333399 3.7394350558348255 863.980649002364 10.392490617579739 341.1394361191311 22.859577600917515
29 261 0 0 0 -321.8113615630484 3.383812686581965 722.9620619652126 8.200434135590818 257.05050572070735 21.539394680705428
30 270 0 0 0 -281.02365435632566 3.12158348364796 692.5458579117264 8.139306434028446 -23.47778261561257 21.385426810574167
31 279 0 0 0 -451.01134639602793 3.163449074065518 782.1169621351306 8.33285577305246 -622.6105787314433 20.9655139553658
32 288 0 0 0 -520.44606532997 3.257707457393674 733.8863180747793 7.709641362242271 -1586.2117065559296 20.35239366751044
33 297 0 0 0 -554.5444453736048 3.010309012091452 698.9485851876083 7.139183552132834 -1753.0246972487325 20.310779289735144
34 306 0 0 0 -532.1978709085045 3.3232071366631235 685.0650025741277 6.273740142626296 -1874.7628914839422 20.240674307251638
35 315 0 0 0 -790.9850072692603 3.501251444231521 761.5514869327923 7.002277652622822 -3164.755300023434 19.965932226847876
36 324 0 0 0 -999.6263626688174 3.6206108866046836 852.3610187868805 7.612904403175171 -3972.338843529776 20.743721874189553
37 333 0 0 0 -914.0462858576428 2.686760799146511 839.4823072865081 5.497431922328604 -3733.417981703288 20.282229369197935
38 342 0 0 0 -920.3792696569727 3.176912166813646 775.9146570279236 4.539700549462233 -4177.689222839361 21.2529227446755
39 351 0 0 0 -952.4695750745967 4.546085852968284 825.5570764346629 6.226828991157561 -4083.742362727632 21.221254302151962
40 360 0 0 0 -1017.8474405916568 4.762565603629037 772.6065979842682 5.867449676031945 -4327.163393895002 21.264664822437798
41 369 0 0 0 -1003.3233331747373 3.992241209353553 796.3564010863462 3.8804002431778173 -4399.1186047584915 19.445366161546836
42 378 0 0 0 -1073.7392890091712 3.5790496713324753 969.4424073729683 6.026367549451673 -4523.731557469524 19.63582486026464
43 387 0 0 0 -1064.0111728633904 4.868652492558417 894.4372315128296 6.267132818411289 -4720.230192653058 19.863279293800826
44 396 0 0 0 -931.331392422737 5.399392727969723 861.1584903287231 6.11717706140044 -3589.85173155581 18.898041832089874
45 405 0 0 0 -1115.4516881251386 7.001553300224478 844.5730990681135 7.2384267220373175 -3576.519030242209 20.06579229335537
46 414 0 0 0 -980.1522442382526 6.366708501058963 745.7520474676975 6.154209443996613 -3431.6169617775768 20.706838392700853
47 423 0 0 0 -1233.5336418935003 7.181154898252533 639.5255713151168 5.791037652401395 -5349.015346602247 19.36029191651983
48 432 0 0 0 -1089.636700102104 8.333186474563021 529.2142748402516 6.930037186612145 -4192.678821342896 20.73659911706021
49 441 0 0 0 -1195.5057549522498 8.087415553457763 623.6985853714515 7.1435510273552145 -3644.23087051306 21.05488341583809
50 450 0 0 0 -1085.4086536460645 7.279412884352176 605.4673032649282 6.785427012831899 -2128.47049727356 21.67530387067951
51 459 0 0 0 -1142.7909564303206 9.048992548767695 579.1477092849493 8.269843223324392 -3182.9302801675585 22.789641236954196
52 468 0 0 0 -1050.977758179082 8.483266842156993 727.1407740658881 8.608857394926874 -3072.5031418182507 21.992864923734754
53 477 0 0 0 -1011.3832701396445 6.553928918750815 984.1948517744761 9.361814008728992 -2631.885344690085 20.850119306358366
54 486 0 0 0 -590.6635856767085 4.567503303440819 892.0513423819554 6.557892793769327 -2630.688747561 18.137443381976944
55 495 0 0 0 -727.9259937340029 5.643018877324084 896.6249246951917 7.517598622808757 -2775.312316142278 18.845967494319744
56 504 0 0 0 -545.0426061142398 3.3812728913184036 1108.4376736416743 7.957316346724166 -66.39814021630582 21.1342226931113
57 513 0 0 0 -737.4561422338882 2.516154654394211 1316.0666245280527 10.088843994673686 188.09792310535 22.088965814214383
58 522 0 0 0 -693.6337679816986 2.437512520689233 1380.0175187133646 10.631764466012118 727.0455367305551 21.507456985305183
59 531 0 0 0 -482.3332187530893 1.9846243406673378 1291.198606120361 11.28787406761809 2387.3143414018373 21.656217803198917
60 540 0 0 0 -795.7583557413539 2.9368425990806015 1422.4972370682494 13.219651227633166 1553.445840401495 20.564947645171262
61 549 0 0 0 -613.0226841885309 2.539824856933504 1327.984116310953 12.02755041822175 3097.887938680594 21.052332143848236
62 558 0 0 0 -295.64236985617435 4.402068091300055 1107.8247780206877 10.575364998042602 3931.6589847063633 20.746565220395055
63 567 0 0 0 -383.9042005864191 6.23994428791254 1031.829627833032 10.04755873279992 1545.0839922766777 18.57960310743992
64 576 0 0 0 -766.5954953186804 5.889632262870626 1215.7064933044817 11.572766414264098 -905.4117977577512 17.468052368898903
65 585 0 0 0 -449.2341196164114 4.129394167480032 1170.7144999143786 10.002567366286746 -1511.4524362897873 16.33459484477877
66 594 0 0 0 -463.9767998680122 4.146516186291523 1222.5824756686632 11.323228072158551 91.08148234475675 16.009261910460182
67 603 0 0 0 -1276.7769798896418 8.590313708436662 1405.4372364194069 18.37670773008849 1567.2970382167168 23.03223813895905
68 612 0 0 0 -1538.7053379333959 10.37005653838262 1336.8218476567408 18.378265345697613 2057.487110302358 26.15063222412287
69 621 0 0 0 -1975.481737234544 10.919258799894605 1404.9635806658268 17.76161053737631 435.15173007671 29.71282690555922
70 630 0 0 0 -2331.045717813887 10.66706623750346 1739.1571254561798 20.030909176878357 -1721.4837795100284 30.968549547512872
71 639 0 0 0 -2458.676559513581 13.328871885235236 1610.491214256551 17.234776147674715 -4082.9536026421683 29.89206819811102
72 648 0 0 0 -2557.1674270696567 12.551270952133113 1921.9286277581382 15.761665376545 -7883.058656868119 24.97903558686651
73 657 0 0 0 -2004.8779549417534 12.090000917432892 1493.7239419336254 13.775238143431553 -6666.615614058396 21.954894317989528
74 666 0 0 0 -1548.6884935224343 9.628734097390906 1599.2609637870835 12.20413343107403 -7232.84904195798 19.591284225820356
75 675 0 0 0 -1404.5635185987612 11.082314302597087 1488.5058633011981 11.216637227064144 -7303.75767092969 20.325820568457853
76 684 0 0 0 -1280.560773397582 9.865062786670594 1348.8207199973897 9.843228026911305 -6490.291481138726 18.7780819170653
77 693 0 0 0 -1208.2634078510098 9.260587109089474 1502.0018369091779 10.651840147791036 -4646.150498247455 20.99405664434116
78 702 0 0 0 -1177.6114416371788 10.024489308803137 1590.5538571270306 10.197887465898882 -6670.50979563942 17.235781044686913
79 711 0 0 0 -1349.382792854992 10.081915893750763 1513.0354968894485 10.6462393756597 -10150.423591618513 14.869767597742412
80 720 0 0 0 -1258.9686933541159 12.014875786399289 1283.6948782430197 9.054711423938333 -9838.877217654204 13.994368444748446
81 729 0 0 0 -1282.8512917496118 9.626042981182025 1567.566675758682 9.954351679596494 -8856.655536859402 12.974780817968023
82 738 0 0 0 -1702.1463303671785 10.379026838746004 1852.2131275794936 13.897371314500953 -10002.54294690909 14.07480814644323
83 747 0 0 0 -1715.3617787349108 11.152740929691422 1599.7767359940829 13.150968902664475 -11370.555572476438 12.83866430212193
84 756 0 0 0 -1893.1120640676904 13.430092176585081 1558.30248981674 15.279086032476998 -11572.612650413232 13.797896613739383
85 765 0 0 0 -2151.800470313311 16.47003220180692 1451.0426871139014 14.979272375050805 -13678.638977319291 15.770668845992963
86 774 0 0 0 -2226.33137842844 16.265169902838878 1574.247123942173 17.893311412586595 -13414.185279228464 14.152812823495548
87 783 0 0 0 -2251.8787609123397 17.726347048271606 1350.0306961559736 17.337250789950907 -13999.370241671259 13.563597288559437
88 792 0 0 0 -2599.34758636983 18.874176000148662 1358.502233999692 19.339202032369087 -13697.662072015279 17.33310612192968
89 801 0 0 0 -2635.9757363984936 22.312420175342773 1136.4332302809025 16.59099898495054 -18041.817965594917 12.912686466435613
90 810 0 0 0 -2565.6626233095585 20.021288941278343 1227.8636192584986 15.998751380056829 -18777.80512400669 10.512279915328525
91 819 0 0 0 -2831.439345780693 20.108372261578182 1210.4153848932115 19.977258120404695 -18115.81747198831 12.678972204943616
92 828 0 0 0 -2953.622354288769 21.066365010820086 1045.3974847943261 20.252161509548884 -20105.289241912837 11.84563599148317
93 837 0 0 0 -2832.4104048500662 21.38216819504405 590.3279490519628 19.816708697116507 -22454.670854484364 9.53035261780345
94 846 0 0 0 -2966.049415226684 23.99577498428855 431.37658265121826 18.665921568094788 -24982.07238632534 5.749978524363536
95 855 0 0 0 -3039.744322181719 27.359118392803545 -114.36709965277106 15.274199364637958 -30452.699918399627 -0.4418320374118103
96 864 0 0 0 -3141.5501069129386 27.267757954077453 40.93021619382273 16.889384686546453 -34411.62838169768 -5.082975375708644
97 873 0 0 0 -3395.3194497845084 25.799918092609378 466.9693699146626 18.886922799431854 -42921.03086981197 -15.993979154958545
98 882 0 0 0 -3506.429417306796 24.944788936168763 1.1592140502233406 19.369900969456324 -40072.44932346047 -10.834985546400436
99 891 0 0 0 -3481.363273865397 15.209155436299984 938.2652158323915 25.610221399301732 -39162.98829801123 -14.8023319383678
100 900 0 0 0 -2944.506010029033 10.209743098321434 450.74501434991544 19.517855667121644 -36880.50098142518 -12.966888152995537
101 909 0 0 0 -2646.6530842254137 12.111712995962728 73.92890347917705 15.427724306865924 -39097.307553725295 -19.156867733488824
102 918 0 0 0 -1297.2815187851197 -5.199776945162101 616.337749574673 12.87960299141438 -25153.89205836064 -13.340775820079278
103 927 0 0 0 -2643.2763733836478 -1.7404641425209206 912.9572084162288 20.128082915130534 -36132.925708069175 -18.048622102781263
104 936 0 0 0 -1816.4757231036513 -8.1258028052286 1052.7573367485008 22.11347516739839 -33350.46243517539 -22.62246573546959
105 945 0 0 0 -1371.7700644218162 -8.638163285462749 1054.6348281533285 18.45023762660918 -32636.004553813516 -27.158599859486362
106 954 0 0 0 -1870.9993693207396 -9.887127784573183 971.0402705536828 22.52686121856428 -40151.42176742273 -33.10820458243327
107 963 0 0 0 -1393.6600484435762 -13.225537651923581 785.4252576333181 19.44357795177053 -41659.53999273724 -38.20345261655777
108 972 0 0 0 -953.0615334146138 -17.267425253584292 18.095215174008217 14.41459918835778 -43023.76511137849 -43.18047559430285
109 981 0 0 0 -223.3890443080827 -14.775641672115263 -148.26023614052133 8.497112373804416 -42513.58709654116 -54.69153238706628
110 990 0 0 0 295.7746442142602 -8.311593456722933 -596.2845810700064 3.653159536876867 -40710.31573548983 -57.416599191161545
111 999 0 0 0 491.3195115797187 -11.790678509259333 -107.58855838901087 3.8625243996673913 -39960.82840328729 -63.56177072804048
112 1008 0 0 0 -697.9717223361392 -15.544080713376742 1134.5470000565642 22.12217271841996 -36717.47847396536 -49.91611663163439
113 1017 0 0 0 -239.09372173043653 -28.126379471569237 1640.326628658451 23.422018216532557 -39663.460340251506 -64.92204635438225
114 1026 0 0 0 -1879.7465632329383 -20.08277065618707 1193.3888969225106 28.34918147239537 -50042.2351916032 -58.776927365393576
115 1035 0 0 0 -1686.5684441149256 -15.700824615299432 1421.5625652396438 27.174044684039064 -49901.71992139002 -61.620949067433074
116 1044 0 0 0 -1164.6751586574314 -16.954325315496774 1727.93462298846 23.56301498235538 -47485.624675328705 -60.886120631222155
117 1053 0 0 0 -1697.1590417077932 -19.530613484238483 1508.8154272326005 24.36898783773151 -50350.90041700323 -59.934058025922255
118 1062 0 0 0 -1801.4171597159657 -19.91825035029376 2244.1397415247507 27.953569627142993 -52989.05436229948 -64.88817289026062
119 1071 0 0 0 -1983.214849244351 -21.48867031188286 2890.683456857475 33.7166942591996 -51411.26402418771 -58.72113765027426
120 1080 0 0 0 -2122.385546216945 -35.95704287676073 4454.8529491948475 44.458050747492024 -49719.50150694928 -63.65917069909132
121 1089 0 0 0 -2724.042192326505 -40.70845452345247 5281.1204504155585 56.2114564857917 -50458.82354371635 -63.14515541917345
122 1098 0 0 0 -4522.779931951407 -23.50604265385365 5259.794781243877 56.34285368514388 -66856.26627967984 -65.09753710423719
123 1107 0 0 0 -5678.10224025608 -18.122526912973257 6895.844589678538 76.71960677050758 -68452.14513770108 -63.06187287815273
124 1116 0 0 0 -4731.102562771301 -20.196421137307645 6218.367470379931 75.49972639971098 -73301.04085983246 -70.95941928296034
125 1125 0 0 0 -5246.03961275684 -8.056303930649758 5920.269945315069 72.32348429769947 -83175.19125645181 -75.50866331877516
126 1134 0 0 0 -5770.565003240959 0.9491860175410611 5099.746420608283 63.85234880222004 -90486.95582582701 -83.96825789502182
127 1143 0 0 0 -3055.3732838430665 -0.22653244294595276 2225.2189418133607 23.365251189789767 -91148.01871620945 -103.166044201755
128 1152 0 0 0 -1888.6159118952755 9.072133087582946 1423.5680402437815 20.671953639088322 -86291.5827596108 -107.90580314180013
129 1161 0 0 0 -5611.875272667599 14.09980632716212 3850.175878554687 56.00011189992171 -103097.67639080499 -115.07714785463338
130 1170 0 0 0 -5148.7639511286 32.24302607949246 2279.929030640742 52.10072191151791 -100611.73015699534 -105.19808662446238
131 1179 0 0 0 -6326.393341332727 38.41500485378187 1329.5656770952455 61.498172678564565 -114513.64477237474 -125.36175982794198
132 1188 0 0 0 -6957.683562069086 58.001115602743354 -486.4520985637041 53.299006213263105 -129263.76275389799 -124.45166096847383
133 1197 0 0 0 -7957.100874700549 26.19899342291772 3826.2524541384605 80.75492167070705 -122878.33302146044 -119.00075080545179
134 1206 0 0 0 -9572.07553897239 47.15935993935698 3490.7527270286632 94.58342655689268 -142757.9637951185 -124.54519743750137
135 1215 0 0 0 -12295.416441333931 33.85555887766684 7489.953690469631 126.08409821813251 -147970.63664276892 -111.07972881603084
136 1224 0 0 0 -7823.470716787129 26.384941764762083 4544.708589756311 91.99780348095166 -126952.22741196858 -111.1184243235737
137 1233 0 0 0 -6660.436659135077 6.318723299709916 4690.391740985487 85.79700008192876 -121859.12420546259 -104.82124712114661
138 1242 0 0 0 -4813.768523674546 3.568495460409254 4447.57560901309 86.280259200282 -113361.38544078574 -105.88204484331399
139 1251 0 0 0 -9359.405725179678 31.70355800613682 6006.848939470556 130.38989851144706 -148520.73442692982 -131.02165489552766
140 1260 0 0 0 -5784.3599418224985 25.28956232612459 4625.49732983901 98.7492841985076 -109307.1148725741 -97.31166985458705
141 1269 0 0 0 -8797.676297750982 45.17565093746005 5409.135034688705 127.08505293727907 -137156.46223874812 -119.1506447141357
142 1278 0 0 0 -5083.268398387755 34.924667256953676 2138.8264001783496 87.74529280507721 -113338.04040914071 -93.62965591498467
143 1287 0 0 0 -5171.914485321831 35.0586124332299 1698.764424413144 86.72314823115349 -111894.6613623312 -96.82246158825427
144 1296 0 0 0 -5583.129739217112 23.842073406411934 2515.0936153759953 83.58996283996908 -105559.0619179842 -88.38911930563303
145 1305 0 0 0 -6307.253909702992 25.33391375027578 2895.2889509524593 90.71252115645942 -94438.70823551464 -65.93056158142255
146 1314 0 0 0 -5185.045670050291 36.14809199238289 -127.36723891699467 60.84941894059578 -92695.31772984297 -58.20427542579168
147 1323 0 0 0 -7237.970527603509 60.117005232666855 1314.3969856498957 81.1405625530961 -104156.1840834084 -77.80051962163378
148 1332 0 0 0 -8448.1731968681 50.50386402293779 3687.997736362984 106.2857490129755 -118471.04176944602 -91.29240084536545
149 1341 0 0 0 -8354.0419443479 74.43534563543253 -889.1875310076202 79.70511533580148 -128400.48291379769 -91.34762377086561
150 1350 0 0 0 -5485.264188457716 48.35344389639287 -185.11029033992213 78.56969436135675 -120349.46310530869 -110.77987905402604
151 1359 0 0 0 -5172.161508221973 54.29868219968554 -1838.6381107868838 74.05754355641625 -122664.17908274473 -123.80974252531138
152 1368 0 0 0 -2807.773555625304 39.67005382257521 -1265.471320475086 62.52213446303805 -104555.41368943738 -116.75152792572969
153 1377 0 0 0 -748.0522665363987 26.411381169505823 -1846.8132305787929 42.06773136872417 -91957.9150187088 -116.31852882591694
154 1386 0 0 0 -1108.1600454995466 15.809059298880587 -417.02860037765595 60.38051016146578 -110719.75905890501 -148.9981364453753
155 1395 0 0 0 891.4794803334555 10.2064684830709 -1778.9416064609234 39.33101474937085 -103769.30918808868 -150.91268860618015
156 1404 0 0 0 1746.3186305272886 -18.12962108691229 235.65065676111135 50.578804851682705 -102336.31460064846 -153.38297547909917
157 1413 0 0 0 421.01830022999866 -33.05735536480785 2793.4704754320974 74.59135808056071 -122833.0575110886 -175.79483824543146
158 1422 0 0 0 -2692.2739427676665 -42.369460960767924 7805.77098547199 116.96751618461637 -130663.40531134835 -165.4572361690865
159 1431 0 0 0 -2933.9219073388726 -42.80377554979457 7242.947848025699 108.71247146983623 -128975.51215807133 -165.80025483510116
160 1440 0 0 0 2251.56441241351 -23.947666199209657 -912.3957293754474 37.7972320835521 -106167.70623467378 -165.10401040379693
161 1449 0 0 0 2109.4661025747023 -19.351024777943195 -667.3245932814834 43.31091796142727 -102802.35684333937 -166.95957353896395
162 1458 0 0 0 -3217.6263094320598 -1.975454053523027 4487.292074323269 96.57404514222856 -108816.36651489393 -141.43386102908013
163 1467 0 0 0 1357.4367957441514 -45.56746276370097 5822.631593864317 90.11144730687373 -89742.24432949461 -148.30697132667396
164 1476 0 0 0 -1303.7219306872762 -27.5378109203726 5568.839568042795 94.70099941774049 -99131.6726027327 -138.97521248690566
165 1485 0 0 0 -2323.7537137612107 -30.34129141775435 7287.091294072709 109.9384413704609 -110232.52496957275 -146.14274642048497
166 1494 0 0 0 -1522.773959292252 -58.253171441724646 9910.492617271288 123.1404461636513 -112255.68150744498 -151.9281867327319
167 1503 0 0 0 2361.491914397352 -84.47996531428605 10371.21501228864 110.49296706053691 -87391.1378795842 -154.701259292488
168 1512 0 0 0 -3462.0595014855844 -58.22829913247017 13417.377477666063 161.41708126345492 -115360.93826836177 -156.95091065011314
169 1521 0 0 0 -4681.32158274201 -38.386825803446335 12939.013508231821 158.36786036895458 -106786.14151641229 -128.6675616033534
170 1530 0 0 0 18.34561918170948 -74.868249175919 12411.391616420915 136.8586719385479 -86196.24959914465 -136.90358858815878
171 1539 0 0 0 -1394.3815612728567 -53.69885138227819 10998.158989203457 143.55041626099054 -103831.24291283256 -154.86845016258079
172 1548 0 0 0 -3003.5822117169464 -31.367151579289605 10542.233636777475 145.16916477666723 -101675.22554899316 -136.3307718620737
173 1557 0 0 0 -6042.681182157293 -3.271940052134191 9861.837923947696 157.9524592752108 -114146.39713749776 -132.36266362458232
174 1566 0 0 0 -7803.5780326702725 -2.3979384592052146 11083.493221934601 171.06751230708934 -120389.2564170087 -126.74734427910701
175 1575 0 0 0 -5616.054934713219 -29.11658307738388 13245.060955329534 177.04262194858296 -112963.18596589539 -138.01481467217303
176 1584 0 0 0 -5426.866424888784 -34.1814262073034 13168.137925640494 173.45031970649018 -115690.22503157522 -135.7945115834058
177 1593 0 0 0 -6503.423437816939 -21.552986334458378 12386.895995818344 173.27901231284605 -116630.27391686437 -124.44884381812527
178 1602 0 0 0 -6016.096353554215 -23.196167889444617 13124.623686564679 176.0822125336566 -111257.42707136415 -129.7242321132244
179 1611 0 0 0 -5109.403106197904 -38.22649832209364 13904.031212465214 179.14512861629058 -109528.58551075225 -133.80265684225188
180 1620 0 0 0 -4718.08156385322 -31.716181323966914 13471.44754147594 170.87339401185739 -96199.46322076928 -116.93103227717275
181 1629 0 0 0 -6103.944212945822 -31.421785764973027 14878.342497649044 180.38174146906135 -91729.45320386812 -93.64456978296161
182 1638 0 0 0 -7344.85082778174 -7.436137271548361 12967.672768927927 172.18680846626788 -85868.4817131185 -68.07909379378015
183 1647 0 0 0 -8595.74231450652 5.906762478776447 13022.734692238917 177.6499797720888 -86498.74377298405 -59.09796578989326
184 1656 0 0 0 -7897.967334426845 10.821655528025905 11063.547326384725 158.34329508146067 -81494.28447012951 -50.5587728979563
185 1665 0 0 0 -4604.823165197962 -23.626172759779585 12108.407772681372 148.60677368385282 -56598.51352669311 -38.303392287994
186 1674 0 0 0 -3713.7810557844514 -44.559857497692384 13539.774251034709 154.22803244358 -64690.48170327441 -57.031942105638564
187 1683 0 0 0 -3427.00828180364 -44.14527629609501 14620.456724319392 166.45055985054162 -58982.40353545497 -63.92892151164477
188 1692 0 0 0 -5177.0179383246 -36.07879120193822 16243.968305583108 188.71809714223545 -59281.053552207355 -60.095898435428204
189 1701 0 0 0 -5068.503187532491 -39.63981947169134 17427.45776238371 196.4401461841975 -53840.38947044795 -57.59447256384728
190 1710 0 0 0 -8113.069520959608 -29.318087786819877 19404.70480808564 217.37652812761758 -58330.97545398291 -31.182433735248523
191 1719 0 0 0 -8514.359740542115 -28.398790739662054 20998.676597907463 225.02387138401338 -46453.50514435508 -10.252000607672187
192 1728 0 0 0 -5491.242962239841 -41.69875334539341 17960.24714108614 190.88201203282313 -45009.748921349106 -29.433781878896067
193 1737 0 0 0 -4654.187388513397 -45.295241953095754 16102.352769464074 178.19586487580187 -65352.9477421114 -72.11860733161181
194 1746 0 0 0 -4621.051408689667 -36.7015551154826 13503.801008569259 165.31731098254917 -89782.72457695924 -108.81741731488633
195 1755 0 0 0 -1406.9990429311065 -27.865418938114455 8715.317724092323 121.69636412203155 -88979.7231178988 -137.05848385851536
196 1764 0 0 0 -2800.927937620825 -21.65568246047249 9807.034565756881 123.23123373290856 -72223.47305142751 -84.84156664238571
197 1773 0 0 0 -5408.69023520358 -15.480566542907408 10986.433550031392 154.60333861898414 -102183.09056031491 -119.57093961224261
198 1782 0 0 0 -4938.176424316225 -50.25021648977577 15405.011992942913 172.29177978097002 -79941.1613404388 -96.49073661155988
199 1791 0 0 0 -7059.057836062814 -28.519303912210447 14636.955018061675 158.7356648661623 -64893.87587917734 -38.8020151623158
200 1800 0 0 0 -8022.668392156263 11.445776615141845 9986.775995157346 138.44654253006965 -95527.48948030136 -91.64952413563361
201 1809 0 0 0 -5119.368321115121 30.27513266908351 2733.3277099619063 60.927995359194284 -90111.8866029301 -95.89357171829452
202 1818 0 0 0 -8753.14256028541 21.86745147851061 8001.348674257495 101.21068133596432 -69685.00516821952 -27.176025408055196
203 1827 0 0 0 -10545.604694521087 48.34270623937229 6352.650614151791 93.55610590259988 -91467.04635707357 -34.7342949171803
204 1836 0 0 0 -9414.89230767706 28.246029832640705 6095.7112676923725 88.74929226890923 -87728.92423264883 -24.143948679365824
205 1845 0 0 0 -6787.8473211123655 36.517615125081605 -47.398533020202194 51.0221346912276 -129930.44822665284 -98.12228599343861
206 1854 0 0 0 -7548.338771744533 43.91686611390214 210.93261217945644 76.64924736556829 -155864.82507604544 -127.0116167159189
207 1863 0 0 0 -1488.2770137958787 10.331172367137768 -3052.4721218914565 44.54132053538747 -161167.3058971258 -186.634294523988
208 1872 0 0 0 4259.261426312482 -46.030903846729615 -1301.532838360433 42.8642774942456 -130793.18150258872 -187.5169154705367
209 1881 0 0 0 2425.6452922269045 -29.23688663775943 -898.9935406722132 69.41988608336526 -158584.02233536268 -237.77461745200367
210 1890 0 0 0 -3913.183589948314 46.29511964420024 -2599.372500466154 75.93148382697922 -183246.71287955265 -210.92108379570897
211 1899 0 0 0 -4173.669718077836 44.621004265685954 -3913.8828695928714 71.23046813510908 -196967.11631910174 -234.2937531296146
212 1908 0 0 0 -307.4464554376873 5.644731129890609 -4507.839309265109 28.769264042464883 -166043.2602349826 -198.35385912561227
213 1917 0 0 0 -5899.536391195713 24.85207945603476 1878.2237997455068 69.14802005383818 -126393.25828178096 -89.98516825741831
214 1926 0 0 0 -3920.6048049045785 18.142813876497414 2067.0787979110955 57.08004297786656 -98879.07768433163 -83.3425630731953
215 1935 0 0 0 -2012.0821216685163 8.924833878103406 107.95972819316216 44.10363535303166 -114740.46862258052 -122.68934614423169
216 1944 0 0 0 -6947.496455315349 34.69346740719585 1298.699807149945 72.78579771310426 -162576.1838167988 -145.38995738492665
217 1953 0 0 0 -9784.303120197854 37.21058033707793 5223.073862419329 79.08646020880056 -106569.303497431 -38.03687642769144
218 1962 0 0 0 -8280.50737963148 8.89870553564495 6729.472590085061 66.27807106202557 -71258.80306232255 4.153559447449851
219 1971 0 0 0 -8905.242040513 16.16883178401304 7814.268392984251 93.8995247440029 -82068.10693700137 -21.852846271237702
220 1980 0 0 0 -15956.732424495833 60.3610145598074 9815.983636230536 130.27675932908832 -100637.7864707448 18.745494080969337
221 1989 0 0 0 -19720.74402320387 72.83547619137113 11777.569150829739 138.89002914257134 -94637.86970108493 80.2963532108419
222 1998 0 0 0 -21624.887901110837 69.90001299461446 13720.714624038084 157.85378837803034 -127326.02851555237 44.03105659346862
223 2007 0 0 0 -13469.893684546536 18.421767662357453 10443.296344403685 113.7401180177248 -122735.44048375814 -13.161030066236677
224 2016 0 0 0 -10721.869963393357 6.199512715908972 9648.921725491859 100.15803405458338 -116777.02769752611 -29.67040139941263
225 2025 0 0 0 -5005.409763928561 -29.678514927071966 8655.641259213213 61.01831484364175 -81493.16146493134 -16.96847268114162
226 2034 0 0 0 -10889.051002912282 -23.718576015765315 13485.331194613145 87.23019570361208 -55293.44992074091 82.57163802140121
227 2043 0 0 0 -13049.747505086149 -18.378121349629183 14590.922978261633 101.15886284802352 -71096.3670247288 87.53843414995578
228 2052 0 0 0 -14782.127090459768 -11.22045336514826 16100.344220182085 103.93734505386816 -56464.9845731316 128.41371019332976
229 2061 0 0 0 -10338.465570688462 -42.27580996606172 17100.811798479655 83.45509224581262 3551.7570184175056 184.5993955392758
230 2070 0 0 0 -8596.89654608037 -52.44232560329892 15596.886645959714 55.372330692428285 15644.543660657577 195.84298751755284
231 2079 0 0 0 -13221.185985538057 -47.62342192114019 21673.261250154657 84.23683152106015 69265.75582582098 317.04600834301175
232 2088 0 0 0 -13127.684330646167 -55.068835375770725 24642.345244879976 98.52799543705436 103602.0385687985 359.3576977353845
233 2097 0 0 0 -16923.767473758533 -48.151416070039275 28776.60592820211 128.67125261272685 116146.69441450652 398.3106616071611
234 2106 0 0 0 -17043.671298957317 -52.92450651740075 30608.302224326133 136.8854885717165 128653.52428545651 428.30443376263906
235 2115 0 0 0 -15803.100526585064 -86.1400658552197 31467.75709824125 106.72371883798422 167630.59924052443 503.0392036462903
236 2124 0 0 0 -19176.426319021783 -53.073586058037165 31396.023416804204 87.6741501627315 197270.63357405757 591.8244544679804
237 2133 0 0 0 -14986.555563604388 -77.83121967861251 32207.33880421728 77.00981152016121 243021.1781921845 622.1743156069494
238 2142 0 0 0 -12112.614719401292 -103.92926456644473 33766.27848806703 35.96820658921479 339817.63290091226 761.1931537372792
239 2151 0 0 0 -19282.86179685022 -63.35859572511535 35852.52044843262 56.873979884428124 333520.02565936185 812.9932425839812
240 2160 0 0 0 -14319.766309401266 -55.28321302719417 29494.20208061994 49.841459561714316 264332.40338918014 646.3767183802304
241 2169 0 0 0 -16749.561737725326 -67.59573177806442 32964.624147020564 57.53273521277944 296170.64373742417 729.3989462876779
242 2178 0 0 0 -10995.103984471081 -90.78099148370596 28856.793740554444 40.56628191329424 263696.9461336783 630.2067836233342
243 2187 0 0 0 -16676.89099368068 -40.40544919089642 27915.963722101587 107.43628277770125 149194.8526681789 478.8219518105745
244 2196 0 0 0 -10897.711511814903 -56.31347079886345 23158.55336308669 87.66676630386493 124890.45961797917 389.6464536651056
245 2205 0 0 0 -9985.609739047213 -67.10067119644724 23153.688049784145 107.14099919914537 75964.54628129312 295.71278237388526
246 2214 0 0 0 3750.0697153904403 -136.00042870662077 15768.322323196991 23.829219246285987 75523.33058329123 177.45034719111038
247 2223 0 0 0 12385.365351604334 -172.10890529613792 13258.602690394742 20.390701238675952 53501.087865125824 32.82838766169908
248 2232 0 0 0 -4427.831837600868 -88.04185534216491 20383.84508731793 113.53864535174162 24491.505115769472 130.9797619126902
249 2241 0 0 0 -8064.806628527771 -109.21104509930187 27230.016963612237 83.99887116522986 160560.52577892828 403.242007855215
250 2250 0 0 0 -5468.733317519952 -121.70895288982028 28512.311743404716 79.43670122498443 183966.00189807668 405.3133861277961
251 2259 0 0 0 -5932.377603208073 -99.7292610089257 23794.689152768628 111.74923390832257 53132.24676276845 198.78172787673012
252 2268 0 0 0 -10394.328883539996 -94.66306158450514 30078.3067999202 84.63299339715647 188254.57107137327 464.70725116305834
253 2277 0 0 0 -10624.201398135487 -106.86628876936297 29988.211160674706 49.66568001543874 241336.4926244843 578.6245384920707
254 2286 0 0 0 -6670.057354654282 -124.05961919544639 26824.72634811066 8.463004047495204 252259.43824774266 570.5846319259306
255 2295 0 0 0 -3158.008951808445 -127.1717375620529 22986.979870172465 27.72256779965895 162995.56342023262 382.763588324928
256 2304 0 0 0 1145.764115660756 -146.39055234530912 22053.867733619703 -0.3718054047647499 190078.76113492812 380.7733884628782
257 2313 0 0 0 -5074.274061844024 -128.90412980058483 27177.11164497538 43.90745784863516 198694.99037308976 450.57868748531894
258 2322 0 0 0 -4252.201954005785 -115.39258488994443 24821.016979009815 53.31183595146132 163770.6201202622 375.18002221657883
259 2331 0 0 0 -3425.0288366903633 -118.09386734448698 24861.69135614035 51.13054716148338 165267.5646758601 364.10780178476085
260 2340 0 0 0 -2535.5133140895773 -113.85466545483449 23258.986405732026 52.108626945847504 148197.6905576753 330.1713168822744
261 2349 0 0 0 -2848.1280060480535 -117.98211708708222 24193.993483063856 55.82255155009369 148226.82961396792 331.7418715979781
262 2358 0 0 0 -2087.156885747119 -130.24340184519735 25525.241623154845 44.335992300209476 185748.20344145157 391.53139193102027
263 2367 0 0 0 -169.6718705001017 -142.3675677794694 24754.188054076 31.79686461167327 192684.55339566726 391.8568608142451
264 2376 0 0 0 -239.8937379193704 -149.28132933093423 25292.92758530622 24.255909085308495 207137.5969171096 421.244493221649
265 2385 0 0 0 2434.0173906638197 -155.05942564039057 23608.67210809689 17.457934877551434 202551.34027223696 384.44506960364106
266 2394 0 0 0 5836.397715077511 -180.80993227346121 22966.424764715422 -12.317379629034729 231824.23958027223 406.9517106327907
267 2403 0 0 0 6304.426451142006 -205.19026821377904 25963.093630102445 -30.247933843909347 300788.21842412284 522.9187840078023
268 2412 0 0 0 1995.4138956906709 -184.24376004387423 28011.36057024822 3.011192667469391 285429.3325944177 530.5002152010946
269 2421 0 0 0 -2743.5498761793215 -170.9674887369944 29858.95123843388 16.065679099863036 283751.9156402694 587.2146146629951
270 2430 0 0 0 -7389.691839823307 -176.29882766343766 35417.114187292 12.811751610892099 362515.5160464026 775.7560721179772
271 2439 0 0 0 -5116.617474102925 -183.2890127050458 33006.94940129115 11.434158068941683 322300.6844405594 689.4539190920532
272 2448 0 0 0 -152.23785488199337 -200.0476619567731 29226.36271959303 -14.480584682920261 310505.0089279799 623.5415103561317
273 2457 0 0 0 -947.9018050240797 -203.2985155891265 32558.667171853926 -13.291507184170474 370624.45516460127 726.3427066870058
274 2466 0 0 0 5718.349844803579 -207.06352103816133 27947.206190284902 -1.1307172063852082 301012.9839163535 522.0698298076716
275 2475 0 0 0 7245.819303510707 -192.09703402193338 27522.50309757533 7.153161974069173 309541.2947000955 503.2729339085332
276 2484 0 0 0 4415.9476876362005 -202.54875980709295 28717.05784995922 -21.728040820278167 356990.3983700785 638.4415175766454
277 2493 0 0 0 2624.4980765282658 -180.37186359765866 28605.829786905077 -5.323634159686833 336996.1813475106 615.3400974363218
278 2502 0 0 0 8204.250484398459 -221.3893137800667 25441.324906761045 -77.03890839903808 395507.2564568419 691.053028653046
279 2511 0 0 0 12955.04212149416 -235.47021501781154 22497.90463567161 -97.99707645403802 387184.50547465234 628.5990863852178
280 2520 0 0 0 12297.911334198128 -217.34588860962316 20949.990399111044 -96.49890422859401 367341.944619637 604.1898434545257
281 2529 0 0 0 18617.08026880181 -219.95852659285538 14222.03636697913 -116.48633193231754 311860.8913407882 447.9180720856156
282 2538 0 0 0 6126.3367338380085 -206.47523418699745 25543.988945293437 -93.67473968999704 429670.50751010835 775.7978667249057
283 2547 0 0 0 3630.892689679202 -178.5657214900826 24766.965814801086 -50.57038546174504 350294.61904410954 652.0564604101327
284 2556 0 0 0 4168.217151784425 -157.6987847795267 25295.142602386746 11.268779665827438 280216.5013724416 491.18087500688114
285 2565 0 0 0 -2436.7207653128753 -148.53110156382388 34453.89261943318 67.94033157432098 331656.38210543664 616.1726351112318
286 2574 0 0 0 -7918.733727810057 -135.53983401105705 38471.481742256605 84.3208624552868 375408.1426739234 744.4568433559563
287 2583 0 0 0 -9218.081916859192 -153.43118298056407 42259.33805914337 93.25265583978533 388321.65955066774 774.772462721016
288 2592 0 0 0 -12540.551339402364 -99.42128618389522 41562.75119007284 149.65036059279683 306582.4530148194 640.5211820312843
289 2601 0 0 0 -21316.119214542898 -93.81352179101597 49162.08400902648 155.7571983240654 409565.666359355 916.957220507964
290 2610 0 0 0 -24889.18853449746 -66.30883662310805 47997.49978447104 158.8792484995692 385295.83164040925 915.8522158176578
291 2619 0 0 0 -31153.722476204282 -75.83906324348027 56817.462710506676 182.1051029592514 482724.7472393714 1140.6371643005277
292 2628 0 0 0 -31556.14594230856 -53.00905021204802 55267.77296158273 234.3944417627389 375189.33521016 941.8638681416205
293 2637 0 0 0 -40063.33008646431 -13.586345328312035 59124.694164002765 268.49407657373314 375939.0978685226 1024.227743297934
294 2646 0 0 0 -39264.62417968077 -13.814151084078542 57712.21165346336 246.80707867068463 380701.4438994203 1032.7876531715533
295 2655 0 0 0 -46613.32714815202 35.91309138777946 60305.09603247022 317.4434274423737 315229.1826181653 967.8239783636309
296 2664 0 0 0 -46537.46771402503 31.555062318112984 62091.60010266014 315.63204616907336 343079.38049327774 1006.135146684886
297 2673 0 0 0 -44751.76065248864 56.026681958801966 59811.429069175436 346.88128426474606 279106.072375151 856.5310877816023
298 2682 0 0 0 -34308.33375946697 -0.4395843545772209 55659.564730818245 271.03588308428465 332774.64682850323 864.2368865709111
299 2691 0 0 0 -30760.7557996401 -13.155744711538492 54693.93148819234 244.0620784378936 371282.5652095055 892.6615358490197
300 2700 0 0 0 -34968.72677170713 0.5171166550425355 55586.722871657556 287.7802662428688 301720.39061357186 816.3938265740663
301 2709 0 0 0 -37381.049654472394 47.474336995543446 55560.30892233402 338.3143936696521 239409.06570064268 703.1664442404299
302 2718 0 0 0 -38543.374958509245 84.01936168979609 55034.70488727276 395.4117367711808 145624.90663339847 518.8894502310509
303 2727 0 0 0 -34356.36907217507 40.63179435456872 54450.02849299771 352.0497744224513 196296.66933962682 582.302310465312
304 2736 0 0 0 -41317.73611007085 75.19471543474182 57795.92817414324 422.99249981066436 127360.66773853546 517.7111841466226
305 2745 0 0 0 -31316.89157356837 47.04796518215263 52038.999650114805 393.7477040304881 94156.63707041812 353.4145896225888
306 2754 0 0 0 -34892.875491969375 38.78683902385638 58295.506040083674 408.2733910533807 155531.8524362806 486.6520302872552
307 2763 0 0 0 -42114.53618637691 62.727623005123654 63601.69359336816 440.79934223845106 175165.20414241694 580.1793507520157
308 2772 0 0 0 -33636.69121471276 79.81809546151744 53666.5981296743 444.626387104386 36684.2556430664 240.3918670235321
309 2781 0 0 0 -22642.97908789725 43.67392319297322 46130.45349206442 395.8741374724336 18762.465280216966 109.75614755983932
310 2790 0 0 0 -23617.845863045546 61.98200860576684 48381.00243154802 437.0381594803283 -3393.258731466998 50.90761430181718
311 2799 0 0 0 -36168.72404902664 96.22102430378257 57230.034488789315 491.84579323804263 16445.74026410376 198.76483779410748
312 2808 0 0 0 -43538.8155717531 100.93337380468331 63423.03961692867 509.76569060710324 74488.19970066258 380.2444753692748
313 2817 0 0 0 -36782.95177941765 94.93872530831618 56254.55364141046 494.66423141816773 -10925.94205098397 167.34510559599087
314 2826 0 0 0 -30297.615705423596 75.79578291613811 51981.702147153825 466.91520102009736 -20155.8002002851 87.81894745388183
315 2835 0 0 0 -36655.66179964198 105.65424541452596 53763.46292585704 491.80121556093957 -34836.938070089614 129.67266478519898
316 2844 0 0 0 -28504.739323610378 66.74191743617921 50138.310065695354 446.0563286522056 -13002.549756178487 96.2464492846172
317 2853 0 0 0 -28259.277961658194 66.86191697537906 50809.07147173029 457.29687417896616 -26317.590774541288 60.97425037792071
318 2862 0 0 0 -27028.415439941913 46.471505371231444 51083.131332607096 441.730302640424 -2151.1648215531495 98.34624664490111
319 2871 0 0 0 -24379.148987772445 46.17558812028775 47287.730906827666 429.094809851146 -34537.341544050025 22.767122097231976
320 2880 0 0 0 -29010.265902060284 68.37974180771585 49740.41584960261 468.62994947565335 -68920.27181235811 -2.800838158137548
321 2889 0 0 0 -31063.456712842664 79.73019835309678 49594.45394286658 481.96079818274586 -91693.83114894741 -19.61518566797076
322 2898 0 0 0 -27836.868926828814 91.0171473898298 46461.414963260795 495.6118155329104 -145643.51510522547 -156.87604253882532
323 2907 0 0 0 -30071.44193794452 106.88107513763141 45720.07791106489 511.2842356041011 -182771.1291494622 -196.55566202071304
324 2916 0 0 0 -28333.664209443512 117.36903350271963 41530.36868729459 513.2555411878775 -246511.03119868724 -319.5359643206038
325 2925 0 0 0 -34620.5677723118 149.20147712963634 43371.72542950577 558.2801378820069 -297801.0010067247 -349.4793785903514
326 2934 0 0 0 -36148.23693830306 185.28942927876824 39558.87071001912 596.9699983891614 -409844.0292765988 -531.4965158329925
327 2943 0 0 0 -37467.622733771255 161.73149866325693 43785.74941305956 562.0157720034451 -298041.23810665373 -315.77954612961844
328 2952 0 0 0 -32132.555950381087 140.9718464348857 40091.90829268314 536.1817736253298 -305474.84513691213 -373.1428813370426
329 2961 0 0 0 -22173.21392770501 90.25620678415596 37066.331206601484 467.9879743886823 -234985.29051230205 -344.76073323925476
330 2970 0 0 0 -28499.06944667727 102.64778031138563 44410.367453834915 492.27672507716204 -161474.03755909996 -165.44937049415347
331 2979 0 0 0 -20365.93269386134 51.42608462046674 44224.837855864374 431.24476810127373 -71362.0754746446 -92.58259285898646
332 2988 0 0 0 -21470.325201094936 54.78512314225733 44916.63219407142 428.1608133725328 -48897.4801574345 -41.75434711083421
333 2997 0 0 0 -20484.347784280333 76.17714310535663 40458.03152894522 446.85112318613847 -143972.09329726308 -218.64911444940583
334 3006 0 0 0 -17026.78931821323 44.53653206175261 45149.84712717127 434.25656760026516 -54636.049939637276 -126.04054460186252
335 3015 0 0 0 -10570.138319701196 27.454853838727182 38987.80422954241 408.1113060579955 -94991.03457419135 -246.74484228990224
336 3024 0 0 0 -13368.570781627654 15.73291353588164 44471.945821096764 401.27477868744825 -1840.301867222457 -58.53809844630274
337 3033 0 0 0 -14460.745344595278 -9.557173895089285 49016.33804997015 387.0564538390928 80244.14998360124 99.81593254850245
338 3042 0 0 0 -13300.062641086937 10.708685464425468 45374.73885752169 405.64917599756217 11964.227171251288 -33.274830023933134
339 3051 0 0 0 -11882.145457318686 20.266893935267642 42284.36872990662 397.4164402236606 -3160.602673399653 -64.96169737131235
340 3060 0 0 0 -12556.956668409017 33.211120908402165 41263.57226439996 398.3436407558646 -13830.72191661701 -76.61969113971553
341 3069 0 0 0 -13023.639733630402 36.424062630808976 37525.02110699556 393.0002376083415 -67461.86147445645 -143.74190390304508
342 3078 0 0 0 -12996.454457154245 15.081008796327524 41918.84977998188 383.30975565714743 3568.8753306105064 -27.93561402293777
343 3087 0 0 0 -15043.053616802992 16.764975250325865 45402.939211110184 385.12765857299655 52012.34177019168 66.73420967995703
344 3096 0 0 0 -18616.958285156234 36.963686822426396 46757.50491906338 411.81328511369793 28699.086275724178 55.4347646802901
345 3105 0 0 0 -24630.621355742667 56.09177877035928 51891.730089410084 449.36879586367553 42882.362435347764 126.44788897437212
346 3114 0 0 0 -28510.404981009095 49.24182743987668 56218.80262718157 450.5437824970789 97298.07732648368 264.59221456521425
347 3123 0 0 0 -32224.12872295957 54.48636788371803 59314.38718422562 463.05247845740126 120569.77487163563 340.9506941746075
348 3132 0 0 0 -24363.158984705504 36.372432923023325 52470.27354263397 431.1692952018747 81187.19759676476 206.36143414336098
349 3141 0 0 0 -25510.85745336426 50.11098381998434 53848.91047550941 453.42750218444 64409.33491835491 171.8959323458756
350 3150 0 0 0 -19337.14797521686 57.20141660767512 46514.79645933911 442.5469460129788 -13040.539164351816 -23.16742947456339
351 3159 0 0 0 -19156.468932193442 64.17833680658686 46994.73282141974 453.33036713384496 -23262.583266386322 -56.83923845186691
352 3168 0 0 0 -19473.508979479928 47.34641238696497 48766.742394930625 430.206437330055 38282.99146246903 63.32707948787107
353 3177 0 0 0 -17833.493802662422 56.51843537282151 46188.55386724746 439.4927103083073 -5542.590601529817 -32.59456644947172
354 3186 0 0 0 -15206.396972993824 49.97763032230175 44133.17755981482 430.9287080480727 -20436.01665944037 -83.32666996882286
355 3195 0 0 0 -15228.48922384116 47.23750162546875 44873.331784506605 425.46185246685144 1603.3079332548841 -45.7212214834613
356 3204 0 0 0 -12749.474788093179 45.160514309608914 43304.690493072005 416.6530597593943 -856.8174124876277 -77.52314520352799
357 3213 0 0 0 -13244.43521070594 53.5216013581747 42335.37937107736 419.5330932642862 -17624.600364678467 -99.07138591140402
358 3222 0 0 0 -10730.750350208455 46.20059371107651 39298.971675153734 408.8465591743004 -44228.38295401615 -160.44999308106168
359 3231 0 0 0 -11119.73987621963 44.657556373924336 40837.045824645626 407.91941900532584 -21884.322835362276 -123.42046435257139
360 3240 0 0 0 -10840.44067015483 42.41086362250236 41713.5740822424 406.8057286558055 -9002.651482781452 -109.98380718136565
361 3249 0 0 0 -9739.657857650263 37.278484777737084 40329.77108744618 399.98400710292594 -21939.553861312885 -137.48204182619747
362 3258 0 0 0 -8536.494419146622 29.80082985684318 39604.574758484705 392.5139441745188 -23216.558158915184 -147.89064670000775
363 3267 0 0 0 -10185.1857160636 33.61113119035672 40520.1247220627 403.9961846398764 -31034.79713829639 -144.78564130423945
364 3276 0 0 0 -11013.12206092554 34.00312740688523 42123.73461824083 410.7273544303936 -21906.585778950965 -127.45163901173828
365 3285 0 0 0 -8558.86513292474 32.78422018344338 39586.24493787463 397.78534958597743 -32714.409515743 -168.22517280035936
366 3294 0 0 0 -6602.0870587758045 32.70196156157887 37528.93163937411 394.25736686075834 -52204.214514771425 -221.02930493991587
367 3303 0 0 0 -7092.2795448552315 32.951768604503435 37274.56397317251 390.50667848253914 -46978.152641615154 -200.506713155989
368 3312 0 0 0 -10310.356493477593 33.54399044317422 39939.771480356714 401.70853807088326 -35062.98281319762 -145.94973143346022
369 3321 0 0 0 -8467.878034420948 35.35775148823274 36633.846117037996 396.6810747496091 -73093.91594191336 -222.1467088599351
370 3330 0 0 0 -5091.093150364695 22.848549139543838 34842.18671529518 386.4868031533218 -87814.2943257893 -282.83269172717564
371 3339 0 0 0 -4861.826579954783 22.017047557392672 35294.511984124416 393.36169754546256 -99022.94414214502 -311.7922200682967
372 3348 0 0 0 -3721.2882247202256 15.163434969163852 34718.60091236602 388.2883773427858 -103657.8756067545 -330.4740108199489
373 3357 0 0 0 -4906.732972104905 12.164632343198434 35324.28101336215 379.56088679062697 -81428.28001091022 -270.45012571178967
374 3366 0 0 0 -7196.732776734898 11.952154850804945 38012.17621984768 394.7253598841986 -77838.10730441508 -247.86361613552032
375 3375 0 0 0 -7547.70854012491 14.202298371397356 38013.29463387157 395.6336976837242 -78556.49939841282 -244.2944699719511
376 3384 0 0 0 -8160.209000354979 8.652102165804223 37980.97130222679 397.0036215608758 -91312.34938123096 -253.44216356692817
377 3393 0 0 0 -10534.4356457935 11.500419611092756 40687.908357580614 406.45328578621445 -67697.13727351741 -192.99010098167906
378 3402 0 0 0 -12397.143208931262 12.577508615880156 41252.10028279144 412.22114523779453 -71575.8358368271 -173.1037097143387
379 3411 0 0 0 -12052.647830844246 12.043511768705224 40173.40966086806 411.5320157397659 -85578.86437969224 -195.71697200636967
380 3420 0 0 0 -15107.532866288437 14.06091247635299 43457.76926457885 418.6829953256001 -50490.58127319752 -106.57610498866536
381 3429 0 0 0 -13749.95710355665 21.11707872618924 42512.15335130284 429.9315288366661 -82249.36758353794 -187.06135445073068
382 3438 0 0 0 -13310.770550506477 22.51498511833736 42030.1371780684 438.7497844669917 -112186.87757926378 -248.99177591698833
383 3447 0 0 0 -14555.043840084381 30.540455891920086 43524.678471949126 440.1529625935527 -85086.18024023202 -196.38161242766003
384 3456 0 0 0 -13137.258732075601 22.460511184974976 43160.70568531181 424.45809832705584 -61948.91295946388 -167.7585381742557
385 3465 0 0 0 -10859.32292931077 18.723838706426683 41506.410992908226 413.97708226127975 -63397.75526975835 -193.1983824344564
386 3474 0 0 0 -10192.996937305275 20.645157910767796 40807.40680888941 411.07555017607484 -66126.08248989907 -205.11748123611747
387 3483 0 0 0 -10530.768051214685 30.428303033516688 39151.26402203342 413.6393167122942 -86089.03356385992 -229.77839195441317
388 3492 0 0 0 -11986.793649643816 27.89068754780061 40900.89743168619 417.335234970958 -70892.28456542137 -189.18032091380377
389 3501 0 0 0 -10182.098151200444 30.81910421678101 38804.98879658119 414.9925976602552 -91998.58242369417 -244.60820218123607
390 3510 0 0 0 -13701.286034603847 31.729382404958574 42661.407394546826 426.3130168703855 -61667.30631448475 -160.74280781050575
391 3519 0 0 0 -10873.03727870332 31.609054414480504 39312.26932846796 413.3789127527055 -75914.85705089153 -206.70862883334718
392 3528 0 0 0 -9043.251363174637 33.82869269378783 36028.83540242038 403.4086671610342 -97267.91077036403 -251.10262003944356
393 3537 0 0 0 -11925.761074190334 43.812776430278234 39072.31705632335 419.24133436992224 -73780.07498056862 -191.77356002307738
394 3546 0 0 0 -13012.612891123621 43.23834511123465 39351.9887064327 420.02850048560947 -74661.32179310205 -176.66599298909765
395 3555 0 0 0 -10126.482867341148 44.72971531618443 34733.07304840147 409.2737500241441 -116320.06775262914 -265.3798559785263
396 3564 0 0 0 -8362.664474285852 41.370414698404026 32106.291730567922 395.5755175262739 -129216.94664992703 -294.2668931193326
397 3573 0 0 0 -5437.284756359987 40.14358079023763 27140.498622799267 371.2584559141637 -146182.10681078944 -331.68386766525265
398 3582 0 0 0 -5519.008754885801 39.38313347198987 27024.986727916446 359.8719437680973 -126668.74160961804 -292.3725589355406
399 3591 0 0 0 -9533.749288206904 35.93977592970812 32095.665133232942 383.1809348731623 -111270.97852502756 -235.51888081048804
400 3600 0 0 0 -8996.056935270819 39.46825562530191 30214.615994195265 379.45351393092835 -125212.79479098652 -257.49086815620404
401 3609 0 0 0 -9152.187103985505 41.469208447789136 30296.06412218337 376.9568162793298 -108430.36215150512 -224.88509628998526
402 3618 0 0 0 -11396.070542703104 37.568066744565485 31200.93158486041 370.1504762952506 -81545.02071203942 -139.48399385913228
403 3627 0 0 0 -12682.158249025117 48.80145688692882 33470.23140263769 389.3049550773938 -91267.28726279526 -165.59011931295166
404 3636 0 0 0 -16432.187444531748 55.34354167585958 38728.932669475704 426.1057635582937 -99033.95007301471 -167.22669579800453
405 3645 0 0 0 -13985.478167569308 49.67361671487678 34803.04409906068 407.0261576754902 -108622.82106141018 -187.59394717511302
406 3654 0 0 0 -19809.80295931258 56.089239598168085 40874.75255325386 428.4229479169044 -62039.77342203511 -57.127139957780685
407 3663 0 0 0 -19899.515600552266 57.78660452557018 40878.54206311235 427.8670875778125 -61717.502731770146 -56.85914931465117
408 3672 0 0 0 -20739.494019260383 60.62879970894179 41410.840824019535 434.0211403872796 -62505.252031759315 -50.31057554927784
409 3681 0 0 0 -19898.188778546402 56.091521518791225 41506.07527584528 429.9324910145707 -58447.71838895091 -54.494519093535075
410 3690 0 0 0 -16963.957703503158 52.119577507853066 37811.46549515566 422.66249291930495 -97882.58524439721 -143.86968301487752
411 3699 0 0 0 -17992.734460590924 53.33243538653354 39031.58022749285 432.0242490946808 -106686.24465981293 -154.8112511202657
412 3708 0 0 0 -16754.3702717673 61.30261984748627 37585.59674574653 429.2215227712923 -111552.7855108417 -179.1608889224873
413 3717 0 0 0 -13939.737984226671 61.76801459733345 35537.695685152765 415.7689222783236 -110914.38333408104 -209.47092477121936
414 3726 0 0 0 -16706.76286635386 60.267663505249686 37914.05383852482 422.0019609703095 -88856.37799300943 -139.32157910543057
415 3735 0 0 0 -17111.842896933143 63.413408492706644 38605.052590302425 425.30833137002486 -85451.95897540599 -134.9396989678954
416 3744 0 0 0 -14973.760050636733 62.57990037181762 36660.4095805828 421.21828241591345 -105623.61340722574 -192.12300353609908
417 3753 0 0 0 -12607.709761834996 59.77843180200882 34911.830575862936 416.33803047262893 -125051.9575772007 -252.37800535285984
418 3762 0 0 0 -13071.668396644302 60.391933209848254 36269.61467484361 422.96368094867705 -122537.59283918222 -252.55330869986776
419 3771 0 0 0 -13616.352099426194 66.5652324879341 35953.30658934306 421.9586901181384 -114860.99277084836 -230.49609072224243
420 3780 0 0 0 -11972.330512310122 63.04237053148678 34809.46517061185 417.5734077371131 -124978.04186806371 -265.21475022029495
421 3789 0 0 0 -12966.270780746881 65.34636754193666 37058.69364101325 424.3417346344146 -111211.96864080991 -244.10435229695702
422 3798 0 0 0 -13366.989443353752 57.937434281712186 37858.38179876029 419.88172716583705 -96092.67829941973 -209.7597588386315
423 3807 0 0 0 -14258.851861802525 60.49313245070202 38148.82332142122 418.37964494442406 -81564.97780390884 -171.34007864169777
424 3816 0 0 0 -13053.837283833876 59.79005431576786 37279.46272740046 420.0912012697436 -99658.33327247304 -218.43933123748258
425 3825 0 0 0 -12500.694583944063 58.603955543157284 35837.77767959895 420.4017694857277 -120601.023720306 -253.6053601338484
426 3834 0 0 0 -13042.781704462359 57.43714425476517 35405.67209408519 420.8215558782668 -125673.71084531228 -248.60025072655876
427 3843 0 0 0 -13538.159387662454 55.9628130634936 36016.07844486877 432.13919882548703 -143461.54261939228 -277.9238277775794
428 3852 0 0 0 -13651.54957376438 62.5429877717269 34818.865090761516 438.97975210958487 -165462.6025858961 -311.33501869799323
429 3861 0 0 0 -13269.380923643845 61.468660135631495 33551.84922046398 441.96088557380585 -190733.02950551722 -353.2173003133272
430 3870 0 0 0 -12648.213499036721 56.46956021219758 33490.95166370371 449.1994310691773 -216488.45578602765 -408.42580246857517
431 3879 0 0 0 -12484.58440539385 51.5286546663491 34736.78125713278 442.1386080660552 -193863.6825911954 -376.03462279616906
432 3888 0 0 0 -11871.645772239346 50.24093075480176 32949.11681781569 431.1319355359191 -187426.72849207636 -357.07679938195275
433 3897 0 0 0 -10994.975764784007 52.12354477567087 31545.503227814806 437.9558437177756 -225520.53356100977 -433.24727140140243
434 3906 0 0 0 -12481.168509249528 51.29421045267408 33665.66126398951 443.21303682335343 -205594.70412812676 -387.7390816243588
435 3915 0 0 0 -13892.010957931197 47.99659560663059 34882.08061269512 453.033366735084 -213929.3036640209 -386.8731404985711
436 3924 0 0 0 -14564.534897400255 50.60568838556471 35395.34685209388 453.9641142994699 -205589.90577543573 -366.36521055549673
437 3933 0 0 0 -14573.439241885924 52.03956777098172 35601.137419310566 454.10132978239596 -204694.2591037848 -367.7044077912631
438 3942 0 0 0 -13902.23499473953 49.5265125556245 33875.06600961153 448.1246219706962 -213951.68887359856 -379.253543302377
439 3951 0 0 0 -15523.54512374975 49.61114550439179 35823.46367661544 451.35697445461494 -189136.31116972287 -321.42952584584816
440 3960 0 0 0 -16752.863676411158 51.75954095041922 36526.333885773856 452.77327285317625 -177743.96330129332 -286.3494805670138
441 3969 0 0 0 -15080.451573327164 47.26738437045027 34582.65534224732 451.2104048603473 -208214.02546965613 -352.0636753245171
442 3978 0 0 0 -15661.692643081296 41.52009710658105 34677.25315028766 445.91890562653197 -198003.0256048082 -318.834147813304
443 3987 0 0 0 -17815.924880170285 40.81758797285215 36258.70501594436 450.2204266142901 -180836.70552407127 -262.0647507720647
444 3996 0 0 0 -20551.06359344138 35.048050340467725 38705.36257003664 463.2348262071067 -181177.49625913642 -232.04600415585176
445 4005 0 0 0 -18401.543532830685 32.955839857809806 36473.41569219762 459.40144243808174 -211271.22554443535 -304.8371252414146
446 4014 0 0 0 -19304.198571505956 28.17441910818951 37071.082954258134 465.5184671158811 -224813.41695922732 -316.1336382579873
447 4023 0 0 0 -19895.88953921469 38.383569529299926 37856.20094677673 461.9185800746016 -192817.37929554994 -260.6554414225942
448 4032 0 0 0 -21784.32204727708 44.34666445530785 39328.049973572444 464.5674522448441 -166705.75135234965 -196.16355701828797
449 4041 0 0 0 -22392.22788625885 41.4322992493803 39878.649575264426 467.0225861382932 -166967.9649667072 -188.591180846944
450 4050 0 0 0 -25492.862196102215 46.57128582317414 42500.84056586916 477.2013863636259 -144110.46405227983 -118.50979703887381
451 4059 0 0 0 -23399.30286470888 41.765309632497 41117.70850687145 474.4438739561833 -164568.27272429856 -177.68812894966803
452 4068 0 0 0 -23769.291655888566 45.4067919227815 41263.36965778457 473.26087583183397 -154035.3723347121 -155.88617664290447
453 4077 0 0 0 -24239.335445045446 43.11560814119897 41599.42125036703 474.6553398094563 -154814.6943167079 -150.26507357505048
454 4086 0 0 0 -23248.449573685237 41.00472169180792 41126.633663060784 474.72460520555484 -165400.82465371856 -181.83289593524756
455 4095 0 0 0 -22236.2937725485 43.5428438168026 40192.443995049325 468.9977544477713 -160709.59658985035 -184.46272418212394
456 4104 0 0 0 -23568.790112183735 47.30894620315394 41478.38777825051 472.019213048065 -146442.91287338882 -148.73636663819576
457 4113 0 0 0 -22957.779578902395 47.94155791169226 40475.5399431717 466.4423687039026 -144293.33014778246 -146.7738388003867
458 4122 0 0 0 -23758.032182599207 46.039792096881555 41042.92747957215 470.87497662640783 -145446.0909078321 -138.34933771482335
459 4131 0 0 0 -24964.51504687023 47.216331833170806 41743.44759327451 472.1802703887829 -133221.87444238339 -101.19522138542882
460 4140 0 0 0 -24449.15427277412 52.055661662064736 41621.19786547708 471.4710203641834 -130326.39839731783 -107.66278330777651
461 4149 0 0 0 -24052.68930089061 47.48097386481375 41529.628171172204 473.823865599713 -145225.28731830858 -138.24407169697972
462 4158 0 0 0 -23343.781470937618 45.05978072186364 41203.781668232485 473.09214247253385 -152516.16726980187 -159.65604988348548
463 4167 0 0 0 -22939.615660933163 45.10853752159049 41342.3747515925 475.116776908312 -157891.00959951797 -178.31237788859804
464 4176 0 0 0 -24351.65568550345 48.10211872313146 42083.23583360078 475.6780838335895 -139172.96371246723 -127.13766513804052
465 4185 0 0 0 -24803.74589501498 52.529802399928684 42532.725937854004 478.8810871785301 -135464.0600565995 -119.87708544296004
466 4194 0 0 0 -27046.600682190063 56.22419689763757 44280.97564926461 482.85761084422563 -110153.07847107096 -51.32026307667438
467 4203 0 0 0 -26808.718188539013 57.15768082497478 43893.98371138841 482.5054704599785 -111006.40815663431 -54.411068607315485
468 4212 0 0 0 -25750.673562330987 57.0610139051492 43045.10641227611 477.96377989223885 -113755.3882685178 -70.49039736991034
469 4221 0 0 0 -25657.919008343866 59.349578896099786 42702.66550989667 477.69851323685344 -113918.18563186617 -71.05249023946607
470 4230 0 0 0 -25361.1024488743 54.92029360682601 42856.89602796235 478.82245913245924 -123246.6692367805 -91.78004007471714
471 4239 0 0 0 -25743.811277471315 58.780194107455294 42888.35757563096 476.4000794203545 -110912.76032837869 -65.19715007375949
472 4248 0 0 0 -24276.792992417315 55.78424627224095 41986.66027105394 476.41539149898085 -131870.92637207836 -120.0463078346213
473 4257 0 0 0 -24212.49002989102 57.98480940288913 41815.6708289195 475.8219373239864 -129816.54108236649 -117.56519003135375
474 4266 0 0 0 -24848.56675174632 57.39486254328978 42082.00840228522 476.0131834784855 -124933.55887073303 -98.98256505662376
475 4275 0 0 0 -24986.58784308275 58.67882993031597 42271.05521488295 477.7712612208903 -123785.11321111678 -97.1176071198675
476 4284 0 0 0 -23802.891770501206 57.7269380420151 41119.17383043879 474.074285201086 -134598.8048824779 -127.20216495466047
477 4293 0 0 0 -24438.610453084457 57.70721530076432 41550.97553835975 475.520118668947 -130429.76080828113 -112.01453806927529
478 4302 0 0 0 -25903.473171997917 56.5801653525518 42729.0113124644 478.81604778164296 -119609.33404448928 -75.42695992567236
479 4311 0 0 0 -24128.793333029796 54.598519619049185 41358.272342889286 476.54176744929345 -139593.24795091499 -130.53263815182314
480 4320 0 0 0 -24376.72209435611 54.448385037673866 41784.69574416302 480.87631788142585 -144264.6823096812 -138.69445633449106
481 4329 0 0 0 -23517.431769844734 55.88528168775631 41341.948960028945 480.8104032503161 -151487.79449052736 -164.73553443038165
482 4338 0 0 0 -21035.72760460976 54.036307611612266 39294.69671631819 478.59790198304137 -183713.60108149078 -249.39467095911687
483 4347 0 0 0 -21120.838399466847 51.90071558925082 39429.93441055913 479.73028178228486 -186258.91335944907 -252.1463850980747
484 4356 0 0 0 -21137.670411114912 51.45011510004652 39142.1779116877 480.1013044696113 -190676.43099607166 -257.15699206243323
485 4365 0 0 0 -19933.220533126383 55.93782877344283 38068.64775346051 476.69627812734905 -193718.23954434696 -278.1451119017473
486 4374 0 0 0 -19865.01072169756 53.056890468408156 37645.56629239123 475.9300769493748 -199060.45345250098 -283.180514226226
487 4383 0 0 0 -19958.572240430276 53.345380787952124 37854.71119618748 479.04424266205945 -205031.11098105492 -294.87989356677696
488 4392 0 0 0 -18880.733799719215 51.656253241383766 36961.00854259145 474.7286161678507 -211317.87941763896 -316.3344239143464
489 4401 0 0 0 -16937.898197795104 55.272365079964835 35510.137137950245 472.4937721401335 -229258.56831676385 -374.3743851715289
490 4410 0 0 0 -17083.5899535434 59.10544567765437 35437.608529347715 468.94962456544897 -216887.35619055812 -350.92911934142063
491 4419 0 0 0 -18755.016022002143 62.869431816754506 36312.49629602247 470.5582510797929 -197215.67603987706 -295.277526541753
492 4428 0 0 0 -19255.3622180287 69.12146769334306 36271.49211598373 470.90944354329577 -190383.4979809155 -278.38100080311193
493 4437 0 0 0 -15604.74870832276 72.57738997392438 32718.164005226106 459.0196810738847 -214862.32192112092 -359.69334946855
494 4446 0 0 0 -14650.211209071073 69.8837997290836 32212.779866589368 458.3006720929327 -221960.41406717434 -383.26269381051054
495 4455 0 0 0 -18505.10352905084 74.48228284059768 35351.02418022933 465.0351599653277 -179885.47804338668 -268.17047938062404
496 4464 0 0 0 -18373.113753679645 68.86613885473498 35808.91085354616 471.47461062641923 -195262.77634156877 -298.98922426010836
497 4473 0 0 0 -17674.57477920125 77.23176153435263 34684.42464075075 467.64626489383 -194667.92353213215 -306.84029511704284
498 4482 0 0 0 -20120.339802996055 80.65386527308542 36773.11349388885 471.97012902998415 -169098.65576155693 -237.11278889197393
499 4491 0 0 0 -20549.889554416655 78.97619826941572 37456.14372629237 473.9577577451252 -168030.13088624514 -232.26914197853918
500 4500 0 0 0 -19887.809723518167 77.94140533708782 36889.056632866675 467.1858182109729 -161334.8822637499 -225.39008376044333
501 4509 0 0 0 -19048.829155317027 80.49263771236673 36144.97789085785 469.0495741689103 -176328.3954205472 -263.915195237243
502 4518 0 0 0 -17892.399280657333 82.63645264134095 35059.99048979687 468.08323101537064 -189647.13853952408 -301.43405304576913
503 4527 0 0 0 -17539.466957661836 85.59846729605697 34824.981226118856 466.04309865056246 -186356.17921218748 -301.7724226920924
504 4536 0 0 0 -18223.055651385148 88.69106289549804 35287.664395527914 466.8040860291502 -174809.74616804635 -274.630643259093
505 4545 0 0 0 -18244.037316126447 89.20617783621911 35284.04626266709 466.98597714785427 -173674.40839535778 -272.55107384690973
506 4554 0 0 0 -16045.292526652156 89.79980317246738 33546.96215016506 465.20850457054456 -197246.87258366556 -340.67509194175085
507 4563 0 0 0 -14287.305666008691 88.36573192198902 32099.82964932489 463.17953823072014 -216217.22045581826 -393.2218388474039
508 4572 0 0 0 -12934.866148779547 88.60968740846077 30928.24873838067 461.89472912242667 -231288.76965262965 -435.11137917464015
509 4581 0 0 0 -13123.605714114765 85.50567772282002 31077.019991119767 468.7937508999241 -246387.00797884807 -459.14836311417645
510 4590 0 0 0 -16867.31664457256 81.98699631276473 34026.62637600701 472.4978485140219 -209543.76585887672 -347.2160295060303
511 4599 0 0 0 -19177.564648010703 79.04301781676392 36037.02500461782 476.7089533904853 -189267.95049822764 -283.91348615959595
512 4608 0 0 0 -20743.594806939986 78.7612359024559 37402.780100373086 476.95062110635274 -168928.499471621 -230.00832649178727
513 4617 0 0 0 -21307.504150399618 85.17992354848062 37757.73146348093 476.3517175868652 -157948.94281143902 -207.79084242309804
514 4626 0 0 0 -20076.74220631075 86.11325737017636 36979.341286506955 475.04707955503886 -168551.88280515335 -243.3336218008439
515 4635 0 0 0 -20972.971313636368 82.69199358020444 37996.10609027215 477.02498331581984 -162077.06042546322 -221.66243711407992
516 4644 0 0 0 -20569.78119715183 84.07794724818281 37701.69131591957 473.6980872351856 -159093.8447757047 -221.62336851228304
517 4653 0 0 0 -22758.30989749569 82.90747152579637 39513.023064566216 478.53278515093103 -141584.14239021725 -165.3621019680101
518 4662 0 0 0 -23427.349785852864 88.45070290390139 40020.216639233324 477.80304737731836 -129848.35143057822 -140.55275130627138
519 4671 0 0 0 -24720.33139869087 87.49403102036815 40951.892803105344 479.15197533059194 -117489.10094353091 -102.02425711198228
520 4680 0 0 0 -23426.82711848136 92.58237532077625 39881.49280902672 477.85387919091676 -128339.0060376887 -139.82751670445907
521 4689 0 0 0 -25202.974842987864 95.10022787131145 41061.882131209975 479.7008779498494 -109499.94441344151 -85.61470651274584
522 4698 0 0 0 -26856.516695539 97.76656391585905 42670.61396310551 479.43055937875226 -84369.15521515954 -25.757393341677016
523 4707 0 0 0 -27062.73808518512 94.36454695681275 42730.21520818261 481.5918703240512 -89130.8061545959 -28.847099842702786
524 4716 0 0 0 -27454.010918595453 100.02131661626528 42966.49473029603 480.8501071377746 -80362.18697817213 -12.246010523030794
525 4725 0 0 0 -26240.61282163911 100.61327146905741 42082.594435676896 480.07267738760066 -93184.78418341893 -50.37777853328423
526 4734 0 0 0 -26838.9201954886 100.39918859484297 42528.49429789316 478.9298228585198 -84903.66300649276 -28.015903546655654
527 4743 0 0 0 -28127.462422802462 100.24112587819094 43698.97012735104 479.2046515846946 -67151.9373174691 17.810110308350755
528 4752 0 0 0 -29365.019827864307 104.54004152047577 44654.22182994844 480.8404112400976 -53337.5033852727 53.60206731571466
529 4761 0 0 0 -28230.261374492806 106.78266688869248 43837.04694253943 479.11475945936286 -62748.41444039233 21.329481961502523
530 4770 0 0 0 -30136.88157890946 109.83455090604616 45438.6238719765 479.88506602489133 -36631.19516020618 87.29446743005361
531 4779 0 0 0 -32000.181041196527 107.85113257785397 46910.963927984776 484.56983558260697 -23753.82400507806 132.79844534389622
532 4788 0 0 0 -31932.136231411947 109.84301044855182 46893.73696789299 485.00725772908623 -23703.595298072873 130.22271603773817
533 4797 0 0 0 -30331.807964668456 113.56761930968827 45728.83300556057 482.9990504479052 -37334.797571364514 83.69448219834732
534 4806 0 0 0 -29359.917828007085 113.85147539862685 44980.57297217167 481.50956198382005 -46603.654825326754 55.57196902556021
535 4815 0 0 0 -31279.417193537804 113.8502214971918 46571.01455100357 482.28095748934834 -22624.470325861163 120.34698974099712
535 4815 0 0 0 -31279.417193537804 113.8502214971918 46571.01455100357 482.28095748934834 -22624.470325861163 120.34698974099712
