% # columns="iter, evals, sigma, 0, fitness, xbest" seed=402735, Wed Aug 24 00:30:58 2022, <python>{}</python>
1 9 1.0243636845613293 0 -0.04441385316148114 377.7927444084633 2.9355799104037454 600.9894986356757 4.909289517807328 4115.063049650792 19.921622655609607
2 18 1.004141397408217 0 -0.0439259859831464 440.11108867974104 5.212743393958495 483.57270277768276 3.4246904263102307 4921.187083046985 19.948564563197653
3 27 1.010606959362235 0 -0.04528502947385371 767.3858699901335 7.922319952080127 491.1803806067944 7.821496468919108 3963.547453216117 19.880682121694154
4 36 1.0052641923531718 0 -0.044466751138706115 354.0698870079453 4.732349933474793 581.4034299452853 5.492763309453294 2607.136843166031 18.570048909600324
5 45 1.0123476992132918 0 -0.044723247185364426 825.7026513991193 6.680725528201304 338.8285734184223 6.315075002829966 4475.678616938377 19.952175628257294
6 54 1.1517542225149973 0 -0.045197788777704806 693.9537361136286 9.97990060097747 300.8898437868644 8.719086352864457 4270.038911299418 18.007389797931054
7 63 0.9487705968154335 0 -0.04295092588972502 367.6311214809639 4.898153911056943 527.0369050582246 6.296719484619263 2993.5846742128515 19.986973719248095
8 72 0.9726776365362607 0 -0.045054993315431474 327.0429487073079 1.3464544980537108 331.60222228515914 7.844974249109999 1220.062368769472 19.98729135568026
9 81 1.0153153183190664 0 -0.0452093529622066 310.0231614262048 3.300766673093494 615.4839453725531 9.975559072714033 1308.0392285798885 19.973044949828857
10 90 1.0361986687584068 0 -0.04287163483960167 404.0941211652471 4.4065097337701395 542.9524316049368 8.991610048510145 847.4434287664279 19.696086700844294
11 99 1.0337369656128514 0 -0.04515296857588538 641.9701569199303 7.118306044544143 593.0725965105296 9.251553480707948 538.4935307168732 19.984242015663302
12 108 1.1378455132075678 0 -0.045287816853323434 427.1533412796138 2.180843570986111 920.3362090032969 7.378912982395935 1678.0415887780878 19.512021425562338
13 117 1.17879022750546 0 -0.04410215534796169 656.4262956003384 3.0776929237869366 723.915154619874 9.749947278406752 1784.7703722128495 19.409651315964428
14 126 1.3723676888615368 0 -0.045282738745472825 1365.3194529345465 4.969414089316302 1053.6024396874036 9.984195795732083 967.2050334349776 19.988837749926184
15 135 1.3382671254248024 0 -0.044474653402725495 1042.098384038712 4.090356532579495 593.8266507557004 9.025952826169574 967.2891652717444 19.662495313264536
16 144 1.3363681179924605 0 -0.04463592384465162 966.5231471088518 3.847358409323091 1037.6679401157653 9.94848760602347 2178.279333717299 19.48244583085645
17 153 1.3122098850742592 0 -0.0452674759774061 1481.276033186516 2.7904392425872784 1101.4004867892388 9.83832608464162 1012.5275976884766 18.817492070788465
18 162 1.1276738952235528 0 -0.04154014824406785 870.2178059705606 2.844324295597307 843.247107047661 9.900764508915644 3183.6038480651487 19.504947732215154
19 171 0.9758119377769863 0 -0.04474775902640081 616.9109484392812 2.511178799816844 889.8352480250088 9.687960713701766 718.1704746364132 19.50369289093753
20 180 0.9704547808152024 0 -0.04529797672121773 949.8168076254128 3.4589718184096645 987.7942427101375 9.909578857746382 2525.559850466872 19.227318081915573
21 189 0.9723339293283874 0 -0.042873933455232494 1071.723633358847 5.1179639210844865 616.732849271989 9.982278633316044 2253.9886235391396 17.712836343751775
22 198 1.0173503751975101 0 -0.04508172226648764 947.4579075823872 5.572652523761002 716.6116371917627 8.643228442436302 1147.3947312004636 19.539695079882712
23 207 1.0791996083057744 0 -0.045262483358271 1499.6266437049053 6.4027260582447525 877.7445169938676 9.91111885707998 2978.558516368008 19.068361496568016
24 216 0.9732517707481191 0 -0.04393824965177286 795.5564106832601 2.1812590362590147 838.2431010209175 8.352173443189129 2569.698269158518 19.02595207931196
25 225 0.9564751238878447 0 -0.045269242863457695 802.6881624791374 2.5647250719028007 854.8020673233767 8.953768016868887 1510.9829404176467 19.897871870373038
26 234 0.8633422083669278 0 -0.04437800032617746 794.9524994996252 2.7064211296630973 753.5045056813256 7.772783732719917 1272.3832095266318 19.525791057993814
27 243 0.8347576819987823 0 -0.044106621467640134 956.3372570554948 1.6743420861903635 728.809973054431 7.0286731504496425 678.1035134117502 19.501151045709307
28 252 0.8156213190428144 0 -0.045253774562897434 1036.6940372561485 2.9822751508514314 915.2133426682897 9.89986084638988 942.6448396039457 18.697900954337562
29 261 0.7542929695052165 0 -0.044499894734525536 726.2198269498915 2.3108142787127255 663.8144791036304 6.95424623036921 583.8787754998509 19.73816691783828
30 270 0.6862355761693387 0 -0.04463718845799773 984.9557854690543 3.0718072589666585 815.7669532528832 9.778572205231612 1097.259819936582 19.533215507014
31 279 0.6427559271121664 0 -0.04525209203535234 961.2956856556552 3.1250894549915733 773.6706857124001 8.488907424065804 1452.220537414018 19.988195722428692
32 288 0.6952166960772305 0 -0.04293384280512838 1158.6984924909225 3.8648867274362932 745.6548766624076 7.460191570601788 3036.695706019992 19.5709025067173
33 297 0.7099635975794726 0 -0.045082865151160695 1333.6395251218164 3.386657191765667 661.5817503058522 7.49976478993261 3261.4326792638167 19.991254049617154
34 306 0.707862406427656 0 -0.04528103131415112 1076.8387427101284 3.8547083936205206 682.2230877361873 5.666223315938074 2887.6626074212772 19.99902293502171
35 315 0.771273107467837 0 -0.04291680364457057 1456.004081599925 3.023398077946171 825.7196566154207 7.510799295284208 3985.3202781297205 19.95769697616932
36 324 0.9026675656810367 0 -0.045065806573788905 1451.7272655727027 3.974349414011601 829.7167763100765 8.754747180736617 5512.159818831769 19.903252663334506
37 333 0.9892268359698306 0 -0.04529429494388364 1472.4225521971503 3.1142139538790343 927.8203924925972 5.920701483651428 3724.9601701292186 19.974563123905412
38 342 1.0990517453446125 0 -0.044082954870133736 1208.7258706928442 2.4959671382282664 741.7151092533434 2.9901402066190514 3238.6818350391677 19.980645510093968
39 351 1.0594733817611657 0 -0.04525458375094717 1404.2918234166702 5.51365188410357 964.5379410865643 9.809181822528874 5019.986916192697 19.94479610609081
40 360 0.9296302720260621 0 -0.044505693438956176 1250.1326716681278 5.714694744170166 759.5004779794922 6.786657729938776 6873.899130644692 19.988715001450476
41 369 0.9790266889232904 0 -0.044719981922223026 1311.556519760797 3.8483084043306492 947.7825708739923 3.9790225721237937 5716.428817781595 19.701140510312996
42 378 1.0348275270295377 0 -0.04525414800146951 1495.5840979992765 2.4484184021387954 999.514543442049 8.0564035261505 4345.119605062937 19.60649548523894
43 387 0.9449284844795901 0 -0.041434558864381146 1013.7852939817535 7.114356835549017 747.5795083508303 6.733261031406649 8295.059949187185 19.77744457789348
44 396 0.9865700766704076 0 -0.04464192943047267 1492.4663309180721 7.062859070981702 852.5666818469747 6.3353618284678985 3653.780146463042 19.136307910589196
45 405 1.031172808616508 0 -0.045304251764513234 1156.8344340361782 8.065810254271014 863.8514745793516 7.799366782298529 5437.116226723259 19.96107481853616
46 414 0.9602352759471882 0 -0.042935858373520056 1498.6198006002044 6.388436188690581 743.9311359331961 5.000100813212858 4723.461679993674 19.922454051367154
47 423 1.0091922231069888 0 -0.045086206230812415 1363.1948445332957 5.789111183611581 575.6531112797319 3.921933083985196 6833.240646675227 17.43826406208053
48 432 1.1154899257736202 0 -0.04525506980963469 1496.6402924714941 8.899527093879822 406.7576219530016 5.968178080470562 4607.905489157948 19.98636538941927
49 441 1.0535383800469578 0 -0.04390156339979012 1340.7533397096604 7.651111768669336 723.9618533463621 8.257861204687769 3918.0190391498977 19.96494267259107
50 450 1.1275987189141128 0 -0.04530934391584231 1396.3095193055294 8.357795801670907 559.7047247220811 6.859463363978125 2800.9255822106 18.52191615775697
51 459 1.1198069542340008 0 -0.04439010923369327 1373.7255981180194 9.094303652046005 713.3858379561833 7.841557042357627 5652.998581026814 19.28039210766077
52 468 1.0783952021055003 0 -0.04382600452960497 1498.6301688839965 7.947138503120097 702.3895010395955 8.504928233567563 3828.0377160210846 19.301909241618446
53 477 1.1917359321942032 0 -0.04527829851575288 1362.3576552766162 6.813090132816528 1023.7733937967448 9.741290814354766 5206.928801707519 19.849297770072216
54 486 1.3204937013433706 0 -0.044366388460607906 646.6723956194659 1.9166355634629557 866.1289954456331 4.866934506190614 1598.3673703252473 16.412134691803065
55 495 1.190588907330973 0 -0.044717891550088484 1487.595974049384 6.906244388604718 1105.899467820394 8.38783987282916 3725.7876706102197 19.92457404133571
56 504 1.2901070716698169 0 -0.045281509924995494 757.4895038870233 0.6419721466213271 1272.1783851948194 6.4275517273270575 1338.1468359655528 19.77057543736924
57 513 1.4374510307609674 0 -0.04308515084631184 1493.1159518005884 2.5356943041612308 1453.709935857806 9.456676026738883 884.8629211468372 19.310509820889276
58 522 1.395591228426994 0 -0.04512210732465369 1160.3208859007314 1.7401415850997628 1277.772280688271 8.251582515634453 2086.0158314468135 17.055050153965333
59 531 1.455661741437005 0 -0.045271671370355135 992.9624066524648 2.1006486823066206 1175.218223184374 9.973991312371954 3129.0462142415845 19.928851063768217
60 540 1.5805446416613207 0 -0.04288308611382051 1380.8867733744464 1.673877281052658 1489.9093735943868 6.19093829776444 2505.3779839264143 19.770452384984193
61 549 1.5124357962921933 0 -0.045142444113605476 834.5620944954966 0.6662540904439895 1093.2999029575508 8.773138692771576 1565.4836824280453 16.81356299686291
62 558 1.6351131837140926 0 -0.045262851623361355 660.7988601376882 5.888290482988576 825.5593837734467 9.682140802542156 2456.2137279573353 18.333209684761606
63 567 1.75321544899962 0 -0.044000622435982864 658.9670958341939 6.4558524334377 957.8022245301175 9.485007416170655 2707.103760641084 18.179777525965203
64 576 1.7079858881808756 0 -0.04525753521553956 1292.7723141615038 3.725373257102666 1403.6847163578948 9.633393216111918 4956.072143416468 12.604419993102104
65 585 1.6926195860215354 0 -0.04449929446429471 1015.5193696382835 5.540685550785118 1140.0992824828752 9.615154653970478 1904.2930538391186 17.676913755943094
66 594 1.5307684239621608 0 -0.04477114783040215 1173.9288911260883 5.714294469364562 974.809220354363 8.506883502096166 1583.153417493043 17.743776204486807
67 603 1.8936592539265353 0 -0.04529629498750115 1216.3064444871686 8.523232427710596 1493.1416601947358 0.21488459413111372 3946.099839345904 16.6147296827003
68 612 2.083484794219349 0 -0.04153778856023847 870.837097399613 9.15053745099185 1210.7693597370594 1.8404578800597604 5543.526764963168 11.059362467413273
69 621 2.409130288558976 0 -0.044620658706776214 444.5124572445296 7.6793022642082605 1246.108784409979 6.090455679398035 1891.6954416742997 7.514877577689612
70 630 2.732838773700403 0 -0.04527899535033461 442.72032593336644 6.674964482789406 951.8596020810596 0.5987797399231809 1900.0406143924326 16.637383019652276
71 639 2.983017133572332 0 -0.04289223776586219 882.9533021844536 4.372819405179195 1438.8216415767376 2.893743364084701 7452.624907656912 10.369959394647541
72 648 3.451864080641983 0 -0.04512957417376759 1053.3229458834685 5.34835416836736 1236.9310564692123 7.802115507732587 13153.993636332698 17.70528703736864
73 657 3.0949209693825175 0 -0.04529485615469091 355.64577879828437 9.924470549857055 1495.7876356078093 7.490274158620057 14999.663865190461 13.575273825196318
74 666 2.9512864662507288 0 -0.04397080472740647 1406.8081746365476 6.218636429767788 1373.796828598473 9.723822367647312 8567.17906690256 14.66035902320739
75 675 2.8564886962402234 0 -0.045249888984316616 1314.2615353579554 8.064673743416984 1499.9998145865789 9.738367417940413 9393.582722468533 18.138970712613165
76 684 2.4214828399159427 0 -0.04433748973586629 1471.3661260688464 5.734019823197141 1459.0457412433768 8.069392466697638 5797.005295304678 15.426433033545859
77 693 2.0783322332832865 0 -0.04399800341701275 1436.6058895755236 9.806568341181977 1269.883948851879 9.62998603044732 2970.5297923228973 17.93069749992801
78 702 1.9949885085412233 0 -0.045258677047976745 1471.7463512506413 9.066201138488012 1454.7236944442784 9.968670071705942 10051.981380513093 14.492420921472007
79 711 2.049248203700377 0 -0.04439430182611727 1430.8057250051331 8.733581838622086 1462.7241383665717 9.756615591655937 11077.383555581111 16.247400658229388
80 720 2.0398007925425965 0 -0.04470186226335374 1489.4596086015279 9.889375909874927 1029.4266003231123 6.7645970847408545 11479.943881809699 11.57020501179586
81 729 1.9813761757284003 0 -0.04523716908673735 1494.4952202466152 9.25582490938358 1478.8211770990908 9.991534729084936 5872.0855979729085 15.013304674296945
82 738 1.9592911601343344 0 -0.04295588106922106 845.7689209029045 8.57678353954304 1110.7237842094578 6.546625901677277 12093.472986235765 12.149092304503116
83 747 1.9102951946570554 0 -0.04514276000755159 872.7197958453073 9.787526003883002 1265.9221917445902 7.893171647107204 13171.55401203107 14.96575759824164
84 756 1.96504276879252 0 -0.04531403818751392 384.4724993054597 4.715395308642025 1359.8527093654332 5.055759136219313 13761.438258140799 11.416247127460421
85 765 2.1212300902758994 0 -0.04291433891249588 718.4741751052181 5.805542106903308 1437.5926268083513 7.4440012647692395 14666.2764533062 14.206854355072787
86 774 2.1444853717677668 0 -0.04507164115586343 306.9217931326582 5.563673957134073 1447.3387990366487 3.066032292322875 14510.19620594168 10.873457652735944
87 783 2.112532762405555 0 -0.0452898470310725 460.1309594655713 4.523502646787039 1192.1175704158418 2.680530344246028 11799.56404279707 16.363099641418735
88 792 2.013637218079803 0 -0.04390347264162195 791.9415385853948 1.250174509434403 1235.5105897338344 1.1348970500078628 14999.752267970585 17.711242470785926
89 801 2.1800901944091073 0 -0.045208122267047485 438.2508015772486 4.670780938280181 676.8786064930857 9.482086831349545 10401.162945120916 10.542041302598857
90 810 2.113315205858717 0 -0.044413478656956606 366.1766325278139 1.8242219715535852 1060.5787083816251 5.569919729091435 14548.469732471784 11.95478742514693
91 819 2.21647394354918 0 -0.04472986011299049 883.5919191442026 2.5121731622677235 1250.366131041317 0.499878431700175 12090.319061173013 11.062394676745795
92 828 2.3524874780296217 0 -0.04528961536219431 1199.8809927249713 1.7368716425665234 1049.9507367061115 0.764638245397105 7812.264998842587 11.024546594601773
93 837 3.0802153828586154 0 -0.041576477508251664 1102.7756352848196 2.183328237242364 302.17818196747976 0.38820423959430883 4681.63260056209 8.898615185571373
94 846 3.452752142732671 0 -0.04462450563955077 1069.4855209842267 2.9816485768696985 375.45392837201325 2.2435345713965535 4688.622814890317 6.909569130144245
95 855 4.269429545888942 0 -0.04523958697185064 1192.064125006863 8.293762661126557 676.9142667069989 1.4854415189248917 2936.589646482984 3.430381870366366
96 864 4.599625696112227 0 -0.04284955625225331 1446.8073885396177 5.42205768510804 477.86510910672376 3.8313402351646175 5383.353019201915 6.42033404956377
97 873 5.72763880100342 0 -0.045160120497283726 1300.3916496273941 5.78816893124446 569.3497237733443 4.764817703150493 14883.308991029342 19.92201241811219
98 882 5.646336621744822 0 -0.04526409568164526 1289.3541833186387 8.525040486730767 1453.0237286871566 6.475114421292275 3388.57913177143 0.49551836499482205
99 891 6.049543445253967 0 -0.04396799337174832 1082.7403011713009 6.408395911625073 1168.7425193215454 5.823390333686106 11625.095342156434 16.63675503427075
100 900 6.3732213039579175 0 -0.04516557312937944 647.4040143388863 6.276373707717724 302.3402789837342 8.290731102148923 1159.5147337201802 8.710728586436524
101 909 6.1383083796167295 0 -0.04442825630022307 567.1563801356718 0.3537749604455641 1317.4858512429491 9.98662872986971 13460.613014587072 19.502395828891174
102 918 6.871515176051789 0 -0.04389281880841393 783.1249657684588 2.0746353462189475 788.717053494904 5.993840169359757 11218.566825592772 8.818569320866015
103 927 6.740699336114193 0 -0.045255097876749764 391.9232874076223 6.36443603567364 1298.3527074960616 2.342276238879858 6626.965637469502 19.998105495259626
104 936 6.739832908878367 0 -0.04434856169506665 1401.7096044786413 9.644262744350986 1017.4049097159595 1.178928503403346 1343.2626220934508 12.431545091646058
105 945 6.265904580072017 0 -0.04464286530968442 953.2415726882859 5.710585796784837 639.6234604383574 7.41606547146775 3682.9306154763726 16.32517366469458
106 954 6.119601746150275 0 -0.04526689157611709 328.4917459843622 5.75167096289165 392.4334266742633 1.2750564627088656 14629.180732966028 6.0829565936859495
107 963 6.004962675586796 0 -0.04270362164477674 1393.4773833795484 8.532367476732832 598.6913563438867 9.66773836610567 13144.704910584414 1.2804951461774579
108 972 6.462965161440352 0 -0.045071937434806086 1493.9343676351966 1.3649157662131621 318.8170453505313 7.826821585187096 12872.096443095063 8.089109969293858
109 981 7.9531528652572385 0 -0.045295931255034116 765.2796048083779 2.397825149540214 377.15377564679756 3.66699260441918 9896.428012967148 19.88671265230251
110 990 9.481923072811998 0 -0.042850573587115026 582.2152112786445 7.797486286417378 515.2665992315744 6.460940998074122 11645.302517845108 14.831181795100532
111 999 10.234558252850386 0 -0.04509724586894957 703.1101157003914 4.843104160402126 408.00042641535777 4.500008496750221 14613.469186809541 12.000086210319829
112 1008 9.18312356589885 0 -0.04526506302538341 1465.4683307621167 8.09265900499255 1499.987036235246 3.118877025569766 2382.035313307248 7.008570087927097
113 1017 9.124820032908202 0 -0.043903839451828755 1056.132330989893 6.498192984118424 1485.95139296724 4.244622112097787 13160.706276216837 16.358498145858533
114 1026 8.927772680065122 0 -0.04525759981157862 1279.5223272247317 8.55109529817112 712.227349204233 7.850447430038541 7059.06277148528 13.632927649688156
115 1035 7.631498776078551 0 -0.044488066021674905 312.8854203362544 2.843407129624236 1142.333762848376 9.583715778610927 9071.11051605276 19.516272495259592
116 1044 7.204975145591208 0 -0.04474500721421516 1461.1063665272322 3.5311645614105096 1010.43043820499 0.2052141180611834 14988.94457972014 17.72084027656772
117 1053 6.5203723638766595 0 -0.04527771138579727 1305.2583803510224 3.7079096740375626 1492.1713471187932 4.261559966744125 3229.213949793795 19.94189030419398
118 1062 6.353500415179172 0 -0.04144242930093971 559.4334389764917 1.9576901352502247 951.2253684099546 7.122892392337382 5734.635904865048 10.447723081135706
119 1071 7.223896383683422 0 -0.044718805830718605 977.7932030271404 5.560694993733298 882.0690043072391 9.4701655333911 7983.60098671008 19.619962452542556
120 1080 8.492669679841391 0 -0.04528878829215674 570.0051812992042 3.126946859705214 1162.9881143997059 6.541642659612897 10642.741079745749 17.81315295035165
121 1089 9.17518707697605 0 -0.04283709303340687 1389.3600461732217 6.551794811598803 434.6424525581009 4.920537217160467 8094.937071497305 12.914710869024006
122 1098 10.654458045351733 0 -0.04504150611576316 352.0620371995692 6.113799790155573 300.0465655859273 9.031726912327683 13417.59555083605 11.802032372958422
123 1107 12.531487276196678 0 -0.045238913732821226 1192.5719602045328 5.32180744900044 1481.9088527833753 2.8097441247617727 10991.149067980246 11.634749015518807
124 1116 14.027530904450408 0 -0.04395945405782238 866.000756781169 9.80043932896959 679.7036543619255 2.726689394554569 9618.087433637405 9.238391202545941
125 1125 14.46635949086348 0 -0.04524086217017555 561.5738156029732 0.5916619413163011 1421.8050425061701 4.525919009036187 6945.896204767749 5.856815579377553
126 1134 13.689460833345482 0 -0.04439547931388532 884.3488169171255 1.9930733673287282 1227.0053076891404 9.880629743583908 870.6337613020878 2.7111679142063085
127 1143 16.168980671410125 0 -0.04393134910689171 592.2862672384672 4.957006521857572 1210.166871699494 4.402393089584288 4563.20736274943 19.427132145146846
128 1152 16.528231372935103 0 -0.045246613330933674 622.453345337984 2.293853818888744 754.2135104958196 5.202311720743975 4903.748067952911 16.49634165557474
129 1161 18.019491300676407 0 -0.044422479455911046 1467.888083287093 9.274313425994627 1059.1328818225702 1.3711674428445604 6991.52810717182 3.2031284234252926
130 1170 17.89721847875181 0 -0.044624883949764396 317.77414790345665 8.605755096006689 335.55785077304245 9.083247987420432 2828.6647504277116 16.792215999057113
131 1179 20.887800753052236 0 -0.045229101997142626 614.6498090240566 3.3277448247331964 301.1603050060979 5.354302221899493 4864.288786458463 19.78661065648842
132 1188 21.831360233313845 0 -0.042803221947600584 596.9000114871342 1.8271861232216593 691.3708722013233 8.853794178946238 12723.676269562187 3.780764325472896
133 1197 19.334194292145078 0 -0.045031893655046465 1154.5484673260848 8.677473744634092 495.6196591815424 9.76499472107116 806.8868702303647 7.594521889618164
134 1206 19.10412881393416 0 -0.04527446938161357 800.2066815595358 7.0325571775812445 1477.3133019599002 6.582125637358175 2839.1872648564513 4.287906102899379
135 1215 19.736188855152154 0 -0.04281779917415274 1493.1039187428225 4.44175038082691 886.522136631675 4.972011102916293 7942.719001069165 5.685678688488958
136 1224 18.58661743288305 0 -0.0450431531074328 1278.3440985092689 5.253160376729287 485.83676318835876 6.78554201785399 14999.288396213296 10.768515773697246
137 1233 19.8456960887013 0 -0.04519837748812952 830.1074973365785 3.2601342043730543 537.8451795800647 7.783143308668585 1058.0100760115165 11.581280486028682
138 1242 21.240326214159463 0 -0.04393758531715952 1288.5586496091405 4.721869710608624 1470.526043403686 3.6232947373567956 6363.391599594019 15.526215792175895
139 1251 22.925565246126485 0 -0.045220870808138205 616.7522430162848 8.570520265932592 778.9872526676312 9.99852636978744 1891.2996350382514 18.488637662465784
140 1260 23.19896613170307 0 -0.0443685292024444 1404.9506774068677 7.374078565491111 1132.6652944872822 3.857338393149485 4972.9587850999 10.882665041047396
141 1269 22.13686762269334 0 -0.04468500286248184 1102.958098752326 9.285957138682463 1103.9153499052932 4.479358754749606 874.6987536398519 18.27871549942848
142 1278 22.20613206288488 0 -0.045241730744742345 1368.8999313758568 7.342642311344065 1386.7318216223903 3.2742958985859563 11385.286795328613 1.1126815255852875
143 1287 19.895244400969656 0 -0.0413824015869359 1159.005343357554 7.01868591415225 789.1224977070997 9.895499279756903 5882.459288352242 12.798876874060007
144 1296 17.843826476349136 0 -0.04466873557722284 794.7481356815255 4.523684732630073 1198.7664963939205 9.964773756175015 2274.2580900142843 1.9425676456130332
145 1305 18.375257626604693 0 -0.0452462307753449 341.193122356682 0.1471245093744571 1131.3485478238217 1.9074270411554295 6222.449322110004 12.761038123638244
146 1314 20.289046384446067 0 -0.04285584056371487 1494.938331393558 5.775562528619009 1290.67692816433 9.084940730737962 3665.7789582136465 19.524768079657225
147 1323 21.308917829396176 0 -0.04505873055825556 342.35487312933617 2.2367700699356305 1151.0781487343943 9.983245139196061 8200.227425174584 2.1761626505835494
148 1332 19.003996142328884 0 -0.04526254431922355 490.1403661537573 1.8744433064294497 1145.8447584880992 0.4552850939803874 6395.479785645613 16.688339392147178
149 1341 19.95956103492419 0 -0.04394003805161585 641.0539320811122 4.563853883988401 586.6270408024229 3.0329981679457205 1395.4649838495302 0.6185618091290337
150 1350 19.601876202110173 0 -0.04524937449673021 728.3973011798565 0.6144471421551372 362.31774765754744 5.897361766595841 12644.059002448974 6.383613624101068
151 1359 20.506010382680117 0 -0.04438134799562014 1414.6424782900358 9.998392658600043 1308.9835378714138 2.302994419506115 8546.377997038959 7.915106180031728
152 1368 19.468749036909447 0 -0.04389534166322415 1014.669001356408 5.807951295425772 725.1720887284615 0.41335919090440143 1495.5274677393086 2.0402185552108563
153 1377 20.321273823396993 0 -0.045243415659031644 997.5339326527651 4.961605393660671 750.1087084809618 5.241413976891534 6367.610511920837 13.195303633094275
154 1386 22.71390622832664 0 -0.04439651474566467 328.613093101462 1.6181385926704692 1435.7789282574622 3.2458550331109794 11897.16977175748 14.972531833293402
155 1395 23.38676138147972 0 -0.044695002445656926 1340.3055806606449 3.4484574928965923 930.2237138533528 9.0106770531884 9071.190220453398 12.850122286602073
156 1404 24.23985862270966 0 -0.0452150822358367 1169.2043843258596 8.648516498549625 747.7315045390662 5.749381664806393 3203.0193930584846 8.261041732942317
157 1413 27.316697894585538 0 -0.04284370674426735 477.55018209320303 2.825228124737853 477.1766320104274 4.571859217819744 11410.620578512166 11.952682747336645
158 1422 29.293172852166965 0 -0.04504958826672886 936.6940878731743 3.3413791542480933 424.203992620029 8.745457040497604 3910.162508325744 0.23412183416360222
159 1431 27.81159803755728 0 -0.04529148725477754 637.1616860887434 9.346505957424275 1433.7580677024227 2.0476267474997716 13114.09471045885 4.772636375342302
160 1440 26.365723188116952 0 -0.04296103822999836 864.4488862394201 7.564937361241899 1382.742803045323 6.713695902509954 9781.119074650089 19.778710223255036
161 1449 23.307146324391532 0 -0.045068448223300125 681.1087731697484 2.980138342188715 857.1709337616853 8.658678211789526 9290.944983017835 2.4301607233755025
162 1458 25.473078825038243 0 -0.0452511901947963 596.9996312842632 6.093116213824885 484.32320019972246 8.82762159859854 8090.817580248462 19.979725991123313
163 1467 26.614206924585336 0 -0.04393446564665876 1462.4326927263705 8.827672395106225 533.2437841247432 4.569776009238467 2516.885006881936 17.555165415834836
164 1476 22.66667242406619 0 -0.045288900337270024 1114.2150586268403 8.824052313102086 1411.1055450115005 6.009914608253501 9184.234066743238 17.51345293794646
165 1485 20.309851533277364 0 -0.04433412906061554 1333.352978325236 8.097357317365649 1135.4238783513988 4.877523776938569 7551.736759333347 13.612819950361034
166 1494 21.046697133704942 0 -0.04467251991272829 1151.2232774562385 4.8432744234842176 538.4356626635039 6.255433897802902 4959.158440176499 13.50136234479408
167 1503 21.81130693794623 0 -0.04526844698707795 1073.06798715794 5.869315373558541 987.4162476608276 6.934376793392266 12808.852974909876 6.43328350216197
168 1512 22.293017700512095 0 -0.041475327506118195 1448.7608860665493 7.997906305841218 1059.3055659911838 9.820215087643218 10027.202344456973 6.7571088223033176
169 1521 22.086176144716433 0 -0.04470140435124571 353.6905017676909 3.8767640034151416 1079.5695136636332 1.6995939159225997 2726.9942735721415 19.886892428228233
170 1530 20.493579913267972 0 -0.045374402226125723 822.7747029016396 1.7515557833459865 1328.02939423534 3.8255558099956435 14985.332273846649 12.824236657974382
171 1539 19.48619201633768 0 -0.04289037392713431 1485.8127717247414 4.59130356252242 911.7600964310145 4.133157414096269 9126.509688525592 14.729860259358759
172 1548 18.439750571718015 0 -0.045059797756827655 1421.7389620467618 3.2898785832319106 527.2178731230433 6.8439297662636704 9202.825989746707 0.9366357026023961
173 1557 19.024505643125895 0 -0.0452814983925289 1112.6183641767398 1.7174040181285264 359.81828509199056 9.431966140098387 13996.876393064298 19.075892946871335
174 1566 18.304147007417807 0 -0.04405905924044673 845.3173017944746 2.7040649864272783 1189.3728022299952 0.21047494407380896 14243.339019512656 17.721561504500876
175 1575 16.587704018888502 0 -0.0452394383018537 1017.7381169885039 8.669405887791862 1307.782592517949 9.565788920950192 7827.653435493348 16.635003993915575
176 1584 15.448856422763196 0 -0.044397404392874706 1008.476591585315 7.544573413275536 1332.1215031790944 8.280519962229988 14654.94026051305 5.853867533685767
177 1593 14.599223014095898 0 -0.043937243664389294 546.0666017902868 7.241571593017113 1307.0825033375854 9.385450393883223 8365.443784228302 16.208863008599053
178 1602 13.41410860528042 0 -0.0452554793644247 615.1309584930881 0.39030371753124626 1202.9159782964284 3.22552216393853 14899.421709430915 6.908762330430799
179 1611 12.009505046895134 0 -0.04437295297588574 599.3727746902863 1.4846963596041611 1229.1400111753464 3.5769692664313766 2077.0406070128374 4.01179591601597
180 1620 12.38185514211638 0 -0.04467978997657436 1499.8716839845627 9.64443106022779 858.6996122851183 6.931812464375724 9081.318391270383 18.029517646039558
181 1629 14.065740924429669 0 -0.04523651301916583 1146.294186000473 1.5454643928998606 1188.4781297646568 3.4674340526083256 1193.654530990083 3.2891676012647793
182 1638 18.07775865094834 0 -0.04293867336154801 495.40814779771154 0.7365620411041873 1337.9062942229025 3.1916035767518114 11543.522935250629 13.627246200691017
183 1647 19.983174845093046 0 -0.04505178633757119 558.2493005575128 7.684329982530022 462.9001809572037 5.082932195962087 2606.4649610642427 8.741359350447276
184 1656 21.135030796143646 0 -0.04528948743252001 414.19287733300825 7.962901315991608 1498.991670902559 4.6314104747405285 2366.014802904049 15.061499222359885
185 1665 23.34711627666289 0 -0.04289845506183282 1429.5474762665497 0.8623993296568528 862.8564155485133 2.838197027965629 11895.554819752928 1.4029379793239585
186 1674 22.357762596025072 0 -0.045096026819214305 889.7335460512136 7.506874023395474 1228.659759724118 1.2845462140122095 14778.46401794441 5.0244208412563935
187 1683 21.16726939212353 0 -0.04525179979626402 850.3175159820735 3.372162566032628 1236.6259087157628 7.286917061430302 854.1193979798991 18.250675142235764
188 1692 22.258485526831677 0 -0.043988923447960404 1494.9255493414867 6.901912498282044 761.5525596963729 6.537709690584711 4323.3489335158665 10.398164518044318
189 1701 22.16242224721051 0 -0.045246669135135656 1496.6908354168406 4.601417964086195 548.8045886923901 6.110147784342024 7966.70758893474 4.204530642775595
190 1710 22.484392096502955 0 -0.04430019518443938 1499.9231211265417 0.44201460900703327 720.6627287374562 1.4010367858879191 12837.415467001949 10.147384923179182
191 1719 24.201658257696202 0 -0.04479332455290913 1496.2298488857325 0.45271424236732827 695.8699985767089 2.2820019245415324 805.7778600484365 19.97094145483651
192 1728 20.921115900779796 0 -0.04525625451373941 793.7496889290127 3.8083066662393623 1461.6113833096395 3.7171612345270777 2747.276329543107 16.336579903114625
193 1737 23.091479099118494 0 -0.04147647107299769 474.81769656783854 0.606875328351336 754.6860731100154 5.869161688881263 7240.758985869039 8.035738776143049
194 1746 26.39366477377747 0 -0.04476088574957891 1347.2659237193589 5.307835114438204 909.1931858624989 5.630559830791276 12345.24226583019 15.745031951009949
195 1755 30.360296313771595 0 -0.045304292977120394 737.95223809444 4.950091160578559 1353.4961371202653 6.112370864684266 2751.3954180521687 14.400388204013083
196 1764 30.94450225825617 0 -0.042803769482476425 1224.2615490671737 2.0769162917939568 464.7817620770969 7.82254491258333 10228.746327837376 19.967569332098353
197 1773 28.79062988434289 0 -0.04504651109478597 747.9150355607062 6.800182628773479 855.6150549572544 9.239451541566359 2684.4349211147346 10.366215847655504
198 1782 31.043084574112598 0 -0.04526414440055568 1026.9961299674778 1.939660873904225 1448.5533837415944 6.9546840787210495 7369.111525904058 9.76739419344431
199 1791 34.719253877537255 0 -0.04393942561759889 515.5274975473288 9.961373456730929 983.9082352362198 6.48837517217226 7229.0400707922 8.177328173615365
200 1800 39.13857340329881 0 -0.04524782166860303 709.924611042807 8.781770594944327 1443.0686783799965 4.316239341483476 1584.78528043704 3.4414331491971097
201 1809 48.87224010080085 0 -0.04434642165564995 940.5788509471158 6.669798945929179 1184.9987732246855 6.282561489657743 3296.9584643798735 2.470497361802032
202 1818 51.37276219674272 0 -0.043967002242453715 1036.1795729767018 0.9815380056348104 503.567850425512 1.9778113629787981 10130.31041342798 1.7948139854988483
203 1827 49.324300641878175 0 -0.04526580043317088 693.5200139861794 5.400797976683805 1169.7725247331696 5.193387394124306 12069.500464389901 10.927052103417836
204 1836 45.85373794726682 0 -0.044423652199527694 1462.2154096249285 2.7924000608300776 327.088920176765 7.165004909504717 13588.500971776195 19.602794406370645
205 1845 52.28162492589364 0 -0.04463426360134985 1037.863891221512 0.5579914026480792 400.4836992177461 6.1849532280828665 14077.107721652486 11.995454595729008
206 1854 61.57644035349638 0 -0.04522812445527449 1437.7834207995784 0.28331626605431526 1463.4538360818924 8.127063286006159 8651.012123468938 3.6832710087555824
207 1863 67.05372116762652 0 -0.0429936204269768 1499.439666857289 0.5425753818789545 606.7600507408497 6.404560691272451 2982.302835896384 19.922506266478166
208 1872 71.51501173667023 0 -0.04506970290613657 1394.2711885163294 7.553512169140808 511.90656584520764 3.3435364752379204 8464.037503014202 10.489042351513604
209 1881 68.16457379889721 0 -0.045248002142821375 1447.2901358095964 7.072180241459696 392.9702394481101 0.528768760050653 14993.887554586292 4.877169215032254
210 1890 64.34614184184105 0 -0.04284989398327928 823.2431515063276 6.2995182283533016 685.3199357070683 2.3825086772869497 5507.606229598576 2.8127376011238088
211 1899 55.6448793532022 0 -0.04507935258954823 1016.1570362800726 7.212094649736171 715.4230843329482 0.9754463870358023 6910.529288683203 2.0511884009878827
212 1908 52.16075641106042 0 -0.04529503710701395 1488.0841608881867 6.519340136841919 544.0622189509313 3.7618635559723845 6869.230567010876 18.23916311709099
213 1917 51.41201402019518 0 -0.043866198582216465 1032.5350399454828 0.0022751305375080704 613.5414130848998 7.519859579664702 7763.796465396905 15.246714658385889
214 1926 51.008777553142366 0 -0.045265787088782955 1088.6389824544135 9.370868204877915 764.1509996527392 2.9892741950928414 11052.523830175662 5.346052756924587
215 1935 43.298525888456425 0 -0.04438326293068279 785.1522713510631 1.912011308018407 1466.1158135004946 2.1600429924943683 6692.261274516704 13.069671468118633
216 1944 46.59627743788512 0 -0.04465589294223446 1109.0306890654356 5.396861428909418 633.0795676307683 3.044999380300178 6302.452440464607 4.4079909755574676
217 1953 46.903192052559106 0 -0.04523813411549826 1162.7716723480821 6.442663836239474 973.4264459233186 0.47379745141592755 14038.989730114665 0.1764711639602865
218 1962 48.960317930381535 0 -0.0416474386254127 993.0656872861523 9.728005063935786 381.46345008095193 8.478288976667166 11039.996779019566 19.997139769502308
219 1971 45.462677263941025 0 -0.04458362971854203 342.7539696765456 6.094649685295478 300.17002242878345 6.21513846751346 1181.3773502348035 8.183484449923105
220 1980 43.471291938516345 0 -0.045219314918357 955.9928302011481 6.5669288998753075 562.4299587862173 1.5240930842208171 10175.924420992882 10.244238781035541
221 1989 42.63197818325278 0 -0.042804650294767946 1197.156840365716 3.491524552157907 1021.8052112191508 7.099713245729561 1959.3313654653525 1.2536658181984932
222 1998 50.52402644470567 0 -0.04503631828710125 838.2041796942926 4.456292813192528 606.8897284012692 8.776083182726188 8605.808363360522 9.431439996544526
223 2007 52.755763022989775 0 -0.0453074178462045 747.0127616580179 6.8710893478319885 628.9421518358886 0.05374542497526136 3152.4496346695214 13.427305717650277
224 2016 51.45177151686468 0 -0.043933314516397856 1059.737960608314 3.2223535164434782 835.8038636411711 3.8587136521428054 7793.655349227973 15.510698418800484
225 2025 55.77485538475674 0 -0.04527433253959268 1431.2261941506074 8.560505693866787 1198.2493933792898 0.9561546163239711 14712.15077049326 1.6923782337511177
226 2034 55.7290263706588 0 -0.04438714995469745 766.2338307531463 8.397303143239526 1258.836241099012 8.270632112742396 9411.063874098416 15.73698403901551
227 2043 52.710917615087055 0 -0.043974339065844095 616.0387514935668 8.778446344017167 484.31377972002883 6.959015991243538 12862.515296382373 7.131978210769697
228 2052 48.20917846255972 0 -0.045252460419565516 782.7293033830177 3.367200038699467 1018.5417132586863 5.340062083440031 3287.3221409728285 5.565168330639423
229 2061 52.598296445519054 0 -0.04436542874831087 978.1818943438047 0.5706998590987324 710.7365322866812 3.1265797803484077 3566.8680361482457 8.747425364550708
230 2070 50.56291052865985 0 -0.04466876087653744 1329.4035131770179 4.0360578207941415 1499.733986250356 3.1823000474211014 12898.71906644082 9.51455136986121
231 2079 53.5425750609439 0 -0.04520062662765641 1354.725890462545 5.133725817524422 654.320292989687 6.311308561560187 2550.284920453967 5.873066282688308
232 2088 59.26282511835335 0 -0.04282292180344481 1404.9491949990274 0.7836838474695127 408.9080282556606 9.834725823236361 13323.296820948948 16.653414125112533
233 2097 65.40673954444834 0 -0.04503299933813898 1297.2029052350713 9.87615388557896 300.79535265691834 9.914341579048898 1839.5835691342072 13.139373366772906
234 2106 66.28736509119993 0 -0.045237371947631985 1162.4261019674013 3.310168007667599 535.1513849094263 7.322110155230325 8244.444672393627 0.8733956226629971
235 2115 66.90803239269961 0 -0.04286720265083578 1025.851302011933 8.291115022754118 1479.9244285773643 6.343258455675118 6603.407976726861 5.235749184342376
236 2124 73.49843992707476 0 -0.045075697510924315 1152.3538104934269 5.696730002929044 1175.4085720872426 6.366849310805902 7467.684135465714 8.097663736010873
237 2133 70.76562419587192 0 -0.04523153707042202 511.6846050264452 2.1780804231460564 813.8414634606838 6.35872074034325 14984.360381251228 18.90492007479859
238 2142 75.62734212673026 0 -0.043934922959332046 626.1126225537027 2.9514683486176754 653.3201580020104 1.4302637563441607 4409.169863960158 5.208288820280359
239 2151 76.88053719766883 0 -0.04522986049360843 1141.732534517967 4.9377294486971355 479.1965299405041 2.158941389525232 8379.723744090996 7.298551860300449
240 2160 71.53145873398545 0 -0.044403973219517764 1207.7738876461517 2.8414771986279224 1100.0285678887426 1.7821740553807857 7183.787577340845 10.918897545996856
241 2169 58.76797804931652 0 -0.04469925836915535 342.76919519082367 2.887129805875505 1427.1105376787475 1.5777560981078138 9948.873551704915 18.840736291455848
242 2178 55.597822331728665 0 -0.045247380629728814 720.5862671122835 0.5097879616191334 1441.2336310777694 2.849416396028724 1903.2385315907886 4.077360606612183
243 2187 61.34531001085448 0 -0.0415906957525316 391.021033181838 4.892509840053529 1072.5027049120763 7.547848302727166 2008.9724023554008 17.535564301548426
244 2196 67.73455067581455 0 -0.044738758528064845 371.0243528653482 4.005245117715171 1269.1324399425794 1.586250693999233 1480.3964796863002 14.493352832422465
245 2205 70.0724957253213 0 -0.045259011564265705 751.8035583360428 9.812364437384467 596.3933030632797 9.008822494928884 8326.584121924994 18.89128767735412
246 2214 74.6903475601396 0 -0.04279425355730529 570.7923406923741 8.555654799883348 366.1565414876568 4.111884119474391 10002.885199935161 2.8944952670443573
247 2223 88.02925906324336 0 -0.04509617093635149 1280.1021531880142 4.9536981964009446 582.7642058105776 5.28924816650353 1464.4043380910211 1.5733001065252323
248 2232 88.66775954716762 0 -0.045259015865868085 699.580824676781 2.971878222870709 825.5022105197277 1.4413895048108372 10665.652886790078 17.004843802379007
249 2241 86.60403390264003 0 -0.04390668472577919 689.4173633509093 0.38814317447545366 598.7038480529882 2.884543369642344 3859.58635512024 11.25154738035426
250 2250 81.93935831535397 0 -0.04524510531853451 952.6136744016817 7.325643177780881 470.3440822230899 9.725666478049718 12760.946787785995 4.916233682448274
251 2259 76.54053691208351 0 -0.044372593986877346 753.1025775868223 0.8262737811847471 770.7196716725615 8.19879780079117 14999.844105130102 17.218870812561853
252 2268 71.9156531615865 0 -0.043934737201372226 438.8856590593814 5.426545802836671 421.3156265410274 3.4658564368888083 11177.664558326389 4.080262842111461
253 2277 70.89931660540815 0 -0.045249628418586665 479.47982657473585 9.998950204864856 881.732632106387 7.374678782208747 5200.293516384705 9.296542682602784
254 2286 71.48245863226113 0 -0.044413100170830375 1107.3708882495685 5.721253837366817 1499.9309265095967 3.1526882734073013e-06 12779.106322988717 14.697554016179629
255 2295 61.97965978115576 0 -0.04460355796939185 1175.484450893709 6.789198900560251 1173.5521625716588 9.896982231375274 1047.9485656067845 11.808804588499356
256 2304 58.1070576308313 0 -0.04528736699650332 731.2821949106996 1.4893866559577247 1493.2296157884075 8.829839620153644 11356.311295842193 16.585713575314998
257 2313 51.10236971641309 0 -0.042878299382786866 491.2098586111242 4.197918376003964 798.7833921688712 5.728838094922061 8289.138995512762 5.72987237121913
258 2322 46.30451250190618 0 -0.04506407841537671 1214.9104704875122 9.21117019137562 1171.2965284456236 5.401056894776167 11966.568743092968 1.6657169896812092
259 2331 41.9159536015131 0 -0.045235306891453705 1440.1420367449336 8.16390270824258 1125.3793490147982 3.4179439953957953 6582.701242287527 11.672124690933039
260 2340 39.04006667051556 0 -0.042851611863077926 908.0847811859576 3.129994287755375 524.7345783256933 6.046517391405059 11699.846587164366 8.069386378894734
261 2349 32.92571180225681 0 -0.04506448090973314 1141.464650524479 1.712237810885108 321.94951708273584 7.275968651926567 14561.927093338818 8.655586689196099
262 2358 31.55620799081616 0 -0.04524102865715804 1499.8838954581367 3.0478873538799434 650.4808220250052 2.7452960505752078 12569.350164261612 2.5517233477137893
263 2367 33.67098486632227 0 -0.04386586211633266 569.0953331773165 3.7868215762690287 953.3030409494531 6.057736458964666 14557.387715858395 10.301606959474817
264 2376 32.69502297988323 0 -0.04515774140314682 1478.5557334383357 0.7406953972702239 320.65829212777317 9.777921443781999 510.4956411266455 14.038216447337367
265 2385 33.52502231638915 0 -0.044381895828131276 324.1939509750059 0.3089708983931416 1324.1241104732048 7.2621759214076 5469.464818122104 5.2415763705572775
266 2394 36.25721086035324 0 -0.044689526856587794 1368.0500483964274 4.113106941879289 426.7415011378944 2.82208593724158 13628.859802021878 19.961901311581563
267 2403 46.83031411164438 0 -0.045235102113608705 1364.4179196721316 2.812663500435491 533.8318831635246 6.5053266434595525 14861.097610653902 1.5026559467354446
268 2412 57.5830487996884 0 -0.04153018125001874 1471.1835067064528 5.73669984243125 532.4089306649679 9.783687994065968 2635.5687261676067 19.991487568189434
269 2421 64.47542610587696 0 -0.044685812080928186 792.8320545640239 6.648706824741771 846.3703992799551 8.174241540922571 14997.784057765904 6.966400677803563
270 2430 74.52348661711879 0 -0.045299411502321654 727.3684183350779 5.630297373611944 1047.1313541847353 8.21926056233901 14995.221991617054 10.831810389458951
271 2439 73.61157106942991 0 -0.04290352892585321 597.6503787855639 0.5562400604740048 1007.7068431277294 3.9944540288421155 7016.430583976244 1.790253317222323
272 2448 68.5879382507479 0 -0.04506377273209834 555.3292443230339 1.0921971348826958 554.894810288064 9.103457827748471 5731.325520597433 4.5057049536463865
273 2457 66.30255906257842 0 -0.0452683144442968 300.77603544811393 3.820004114734923 1386.858055004684 5.301197313140776 14990.1817336444 14.17232500448822
274 2466 72.0878246259564 0 -0.04395626993892354 477.22102740851767 7.040887930321366 1432.439727253399 7.530338589369473 8139.794095695741 8.471503290047984
275 2475 89.36823178930717 0 -0.04522585860867673 455.57624982028426 4.832975085202349 1305.7497265132988 7.1738309609083455 5919.583303982659 11.343880930376521
276 2484 81.52207189238676 0 -0.0444919931242123 359.09019584016585 0.39145056445292425 894.8554599215336 7.889302798886945 9511.949687290495 15.14191136420584
277 2493 75.38998704912338 0 -0.04395155360381238 579.5412173150283 8.618917453237122 1038.629462209301 3.651413767769677 10678.85038896926 12.646080152524632
278 2502 76.05097823116611 0 -0.045297292414623366 587.3112318914116 6.131564602236466 631.2854113703943 3.3644412841206535 13483.693897880905 15.493818317285104
279 2511 71.73504460802174 0 -0.04449471099895087 887.0357869267273 1.0255011508123117 348.15005287482415 8.16645411334828 8171.427313790855 2.826363401555909
280 2520 75.34734955618633 0 -0.04460889238551165 1113.7718924337046 5.283981318259919 367.1046946187256 8.787287630367274 13599.969252037816 5.458362237583401
281 2529 81.39848692424911 0 -0.045278783082861526 1212.2615522958472 9.854528577560616 633.4170166333697 4.936259387571283 1066.8835710040644 19.278706359805007
282 2538 76.28562827663939 0 -0.04292173204856123 632.5314631755167 2.7808067637465346 300.07602933816855 5.979877267206767 3078.6766101124576 19.014604913814285
283 2547 70.22336768076745 0 -0.045106363482209644 1148.17515203917 5.542805553796455 780.2518059480426 8.888411427738516 14957.853384847283 19.874838401842876
284 2556 75.9319389746541 0 -0.045248702045931066 803.6633138256898 9.13849175097073 1074.7897974679727 9.418359649927787 2499.646737294621 12.899570901540528
285 2565 93.22431784801421 0 -0.04286969408881271 351.7245393914694 2.891737314951257 1393.2595630590185 7.762709034810548 1581.1842630208703 19.198077183477455
286 2574 106.63438729833159 0 -0.04506556009747201 1345.939408537568 5.324566676321183 1477.53428417793 3.882766412045642 13265.863214022038 2.983510464496021
287 2583 109.16518519230539 0 -0.04528717507768509 986.7607371642375 7.219684104923715 1207.941131018933 4.98506648958317 9917.267416154116 12.502361250708987
288 2592 111.97726062959474 0 -0.04394471240831982 629.2069075033809 8.219048470421924 550.3192682106019 1.23459071858843 8146.57223451545 12.24110224353501
289 2601 105.592334665308 0 -0.045268980513960236 428.85895341512366 9.777132696441468 1242.7485119223143 7.5180505977166145 2862.658403764164 9.19511221377811
290 2610 102.44524435644728 0 -0.044446785515831005 367.5586242909143 5.317603897148743 751.8832845978308 6.044782347782478 1959.0141029433348 7.7160750367943365
291 2619 105.47022948170127 0 -0.04467419452345693 429.3790039599829 1.8207193110941318 335.95865577832444 0.3355039053871849 14968.278044039334 17.277026075837966
292 2628 96.79595593196633 0 -0.04525692002706906 1435.3747510568953 9.169456098157497 1390.5636752887513 2.803215735614481 6328.27809906603 5.6876932900488555
293 2637 92.04569451422756 0 -0.04150021574526018 913.8192812952198 2.6186623936332456 747.509435188664 4.364484102556242 6558.743467835278 19.831924029729507
294 2646 90.08135412435912 0 -0.04471031462675279 1488.5967185470774 6.375668580805877 1089.7945410590924 2.9796917382536154 3637.5529363504374 8.23337584839146
295 2655 94.27933926774415 0 -0.04525105660349056 1158.8201937874692 1.5851794797408671 1288.1411913746865 2.318525945545673 7688.7912368928955 1.1096483284718488
296 2664 95.90819130959089 0 -0.04293636796184233 810.2577802847081 6.806404253545651 527.3939013279509 4.113544483853673 12863.311411956232 0.4296452472878173
297 2673 102.72557012625775 0 -0.04507120505960269 1372.7545817312216 7.805042102344146 613.5858653816831 9.952814614772565 770.5638619991951 19.332460157236895
298 2682 106.63330195568692 0 -0.04526513787382867 566.1971818343321 3.6761753976732994 672.475772381766 1.633307725096523 2176.2821670311387 9.823992967780121
299 2691 109.40410030276145 0 -0.04398592357217111 1374.6824726353443 0.7236645935923334 1497.747479495145 5.933522571775574 9326.407522858668 4.366691300012803
300 2700 93.53268638742139 0 -0.045300872087291125 1332.8975481483735 2.8331935922315914 1156.0166574757313 4.027096898069715 14931.018482615133 2.8725282662545855
301 2709 91.59049179956064 0 -0.04436177487872797 622.1749191423609 4.247660106287842 1181.2565949981945 3.853110666933617 13446.369659571094 0.010833777450525692
302 2718 105.70103013483555 0 -0.04395931372337912 790.59129846406 6.676336102065738 1139.8329253678676 3.619611906508533 12616.02395004555 0.6883217025655881
303 2727 101.1184078639306 0 -0.04522434235042587 1322.975273736783 2.0220982789004243 1114.6268427901318 6.06908215698852 1810.4763624703628 8.152876380514954
304 2736 98.87186398338181 0 -0.04437348006048297 810.3215008020707 8.844253219154496 364.71779076942767 1.9757231146512595 14986.073653840176 1.678320430746112
305 2745 106.37292758240864 0 -0.044668862814192065 304.8717543670332 7.746114614077468 1095.4692017536813 9.929622732208333 6964.962554684569 2.676373623988397
306 2754 114.01437644089907 0 -0.04530778264827111 1232.7575927554076 1.605371463759036 352.782241968016 4.660842186218247 13267.713165879273 13.986736493885564
307 2763 115.67315457520887 0 -0.04287530631292684 560.1215376829787 5.834810394155525 1180.803596986299 0.9907623254687792 2376.9647402070755 19.999810594325936
308 2772 116.22147553285352 0 -0.04506239868668421 437.4782350703099 3.348497579952493 1113.517394165488 4.642930710569772 9960.121171518054 10.815735938369563
309 2781 117.37786118493892 0 -0.0451989308329027 473.69054150730517 8.1371236493691 330.66411306768714 9.771550248120457 4393.2299144328335 14.771499374116862
310 2790 116.94555055782128 0 -0.0427598589571349 425.8205263809614 9.752858971824159 300.7085526231793 9.011877739574402 14722.984101868939 15.164859845918505
311 2799 115.56253989298787 0 -0.04501355933242311 999.4058595967449 8.86082478040619 388.2178043903099 5.578436836235426 10927.727030212714 18.17676121030221
312 2808 103.55071610940166 0 -0.045228762775065545 1397.7630344577642 0.7093830297910273 912.2724755177928 0.91094815175245 5149.742673912353 11.366712885225162
313 2817 91.73875339984572 0 -0.04393075718674069 1417.371730565741 8.796172152675709 1297.5912215189032 5.29228465929674 11008.533326897421 11.865618862735232
314 2826 84.11476459303925 0 -0.04523059873464132 971.7795654071319 2.1833545470755045 1496.7125086121332 6.258424640742362 1825.7369209372541 1.2937892574689527
315 2835 79.93643758812256 0 -0.0444324017205838 1464.192561965879 0.8453064952498153 643.1842653142376 6.7512671544667455 5408.286121198602 19.89731399035181
316 2844 72.64740026927934 0 -0.0446699706382543 1436.8902428311262 8.3472366571025 1447.999097231615 9.176588717050379 11279.989914072876 18.715101292134925
317 2853 65.4604362416522 0 -0.04528055274922235 559.7825754910773 1.3247869688715652 568.9346135364103 5.117364097684321 5940.258938087623 17.45344403844164
318 2862 66.0123654776073 0 -0.04153610952001116 1458.0106518230355 8.496298902298903 1093.443280732377 5.892201444575562 14657.584087458614 19.71259485971465
319 2871 62.69948379317912 0 -0.04467453710342896 904.4544794136309 6.000321170312409 926.0646334852731 0.12403430555485784 14614.016321315707 13.464017467022089
320 2880 62.78081782686334 0 -0.045237485649688686 1427.7003473346897 3.9926629400021287 582.8418142891227 4.076517734812057 1259.4997667285352 19.941382499830173
321 2889 64.7638616486291 0 -0.04294661561790811 371.8446507452521 9.198527039161268 558.9745564332683 3.4805798190892006 1055.5451542102383 5.6060341642352345
322 2898 69.2328457057459 0 -0.04505613881608374 614.5466901920867 6.3235060353333665 801.6146004713287 7.389896187795875 4387.533100173227 4.596162678800136
323 2907 73.77944809932471 0 -0.0452916154956874 1287.9485428356288 7.906415561327128 957.0903214848586 1.3420148628291826 3615.7006279609104 8.29619385384791
324 2916 84.24919482466355 0 -0.043891085218397186 1220.0751948116535 4.9972610635845545 397.5387459712583 1.2821572089955224 571.1526711762184 11.144973535225837
325 2925 95.69627363609695 0 -0.04527362669295022 1062.996989064428 8.295926940362824 675.1572793070445 9.997355507509615 12385.961671193852 17.15786376671506
326 2934 112.34182510126494 0 -0.04429872931425119 1456.5252965270959 1.5542322821995582 519.8495767166518 0.37959534474089196 14756.373663512171 19.11616788073876
327 2943 102.90783194000878 0 -0.04391246969227222 498.0544878973669 2.003895354970126 940.8994771087105 3.5199288179100225 2626.526578760275 19.999944884004766
328 2952 92.62972589775771 0 -0.045217636000716016 1355.090617898984 4.889426089590737 776.8909530279416 8.634658834925949 936.9542951869429 13.33666380825764
329 2961 89.77788710668815 0 -0.04438065974587503 585.0305670857291 4.042405849389425 937.6971409757257 9.977088994163433 14362.128767107048 0.5708979676512627
330 2970 93.77064020229723 0 -0.04463638517429189 1331.8825354679939 5.520216484426683 303.5156908907315 1.2899485708366227 6073.183156556872 12.258672537071348
331 2979 98.3698001414813 0 -0.04527997949632781 629.9373252020254 1.1200730543463293 342.4572762630414 2.648492916743999 4629.504841901658 8.628862396650185
332 2988 97.20537001151337 0 -0.0428128654193904 1257.4610762334232 8.526382994404662 873.4568768186059 3.274175092465123 14985.566946352299 15.053501854377686
333 2997 86.43988681611297 0 -0.045068657010058244 545.7667057472863 9.27369310850952 1247.3136296531593 9.113630508102801 2761.308595391083 0.37630309655392014
334 3006 107.51619068133508 0 -0.04526369441584929 1325.3602197850564 3.707694854197479 1489.9522902615806 1.0599820939836717 4700.208365068596 19.817915613979725
335 3015 110.11910460296305 0 -0.042877216985783465 1182.1101667080275 8.860097879550203 440.5775223445671 8.69039446212597 7144.019631356232 8.488353319311464
336 3024 104.10704460025003 0 -0.04506636083468332 355.4402272505671 2.732535039096918 1414.3775675027427 1.649489522702447 4266.845833188752 15.234654786921245
337 3033 103.71376490700541 0 -0.04522612332070995 912.7244300431339 8.656434594353849 537.5867813843506 8.571955860464902 8449.54331892469 2.7249047474029684
338 3042 100.55792900434199 0 -0.0438941431435768 1402.8401939427363 4.3020638265552265 659.1431088255922 8.49519522699029 11483.551356469601 6.709371865029624
339 3051 115.5950293916174 0 -0.04527135903385052 1282.8771063028976 0.8406329984255634 1244.089789393985 9.611407847649238 14844.688618992814 18.007141973271025
340 3060 120.55229794314008 0 -0.04432953102933154 717.0141236888925 4.240560549470979 878.3171238707823 3.9361399079993706 13319.370314056281 2.927032127701091
341 3069 119.91148829042508 0 -0.0447058212111405 706.9286937509169 1.93926045853566 334.51697745318813 5.1470648533456025 14790.462812391077 12.11424145493703
342 3078 100.87588761776382 0 -0.04525192794560019 1498.6833499801667 3.482716778714938 674.4741481414021 4.826851805039439 2244.624122941043 9.091202998405315
343 3087 87.78640615629519 0 -0.0412773371496197 356.69357709960457 1.44526230849862 381.25936134029905 9.65364516955157 14357.65343680269 12.974922314781509
344 3096 79.78957192519316 0 -0.044688466737266175 1201.5400499287243 0.800758966799954 1300.5596566576728 7.962712390936678 4408.957829184297 17.34396930330435
345 3105 84.28121040720212 0 -0.04510552935040488 852.3472743721163 2.1984539165471464 1406.9812115155655 9.943336849082625 500.2571507025634 0.5328646073324421
346 3114 85.23703841003537 0 -0.04281506576648571 1258.2528216951991 7.822929717189794 1381.2586418456558 5.1793071736515 14999.854718131695 7.091159695578597
347 3123 87.22602719038672 0 -0.045090830520562605 1465.485211687064 1.1595145304495005 1065.7604420720527 6.677980256765499 12461.524433894228 1.9535787016871158
348 3132 78.48066904409339 0 -0.045232762125905546 982.8753747074334 5.6891166192027764 1252.0488019769473 9.992309348834342 3551.308857244314 5.249837249265084
349 3141 73.357559445715 0 -0.043981087323898896 1057.2275366185713 8.183562503201932 1421.579963482829 6.989098370590796 6897.918969673197 19.44401991621442
350 3150 77.91815249695857 0 -0.04528343944308977 1488.1499951569067 3.865721040217709 1495.577935844586 2.2958615919796106 6793.225184525485 18.771093532081814
351 3159 82.49399092784293 0 -0.04441019953871836 1477.4791596497378 6.430406741803855 974.7765309940601 6.434260148722615 8991.24550740154 19.434563837690625
352 3168 74.64916700938176 0 -0.04396774677181439 474.00845755377884 9.763369351260707 736.1947442772274 4.15715564285648 9514.378222686277 15.382786827003713
353 3177 71.88643311573996 0 -0.04528874701226261 965.4352676704366 4.024444321229922 1421.0826414105118 2.556625386083624 1292.3923133829085 19.952596521743807
354 3186 67.15821646942325 0 -0.044373349791076336 1189.5903899829973 2.4169638551736625 1351.9897696361659 7.0256845097741 6720.756673965312 15.061053822488645
355 3195 63.396099162040294 0 -0.04473105348615203 530.0570587110706 3.092826044687209 1045.4216832369639 3.132239792211351 5587.98540403536 19.992156530903134
356 3204 62.499246915463296 0 -0.045298505151376 727.1501789193617 9.905540060748047 407.40349638117186 7.6648909879162375 12286.723279602827 19.231856609349045
357 3213 59.30326663784532 0 -0.04297331045550119 852.137837045233 0.601065978231476 1462.243273260341 9.758449659156977 3547.994493177931 16.858350928737096
358 3222 55.96777307184122 0 -0.045099306458240396 1079.563563391946 0.4258727229599373 441.15637607585086 0.6689840073261166 13923.446848279704 19.64716966982832
359 3231 46.45088581848572 0 -0.045284941597894354 1472.9688209549265 6.990350840514152 766.0541587839034 6.044219688086377 1570.785612888736 19.106525041440314
360 3240 44.38825700587136 0 -0.04293554595955401 1495.934781493168 7.323738367407506 1420.1590723845961 5.214303662753343 14528.33918854834 15.31764887609197
361 3249 43.66687026602146 0 -0.04504784649297294 1243.4519418195828 1.2453983206134835 988.9469138204672 0.3506794440149861 9041.55408553683 8.301570141603435
362 3258 47.634509483007164 0 -0.045307143787472096 389.2412299061574 2.8415822297825244 538.2429941882292 2.467166148473382 14918.991989069451 13.203617345881701
363 3267 51.68053103452945 0 -0.043940169403640095 409.3927176491343 5.631352985645021 899.181020152384 8.264360044636021 11693.946920680006 14.124077721439098
364 3276 53.287618695944026 0 -0.04522586116010559 1164.159202189841 9.963683036393405 1148.3876051635816 5.71546640926033 13696.460845209302 5.51515741766886
365 3285 45.92317993811342 0 -0.04436419600045223 807.3181231198914 0.046255851017797465 935.0849501917401 1.635196097343362 7018.123368792358 6.362199678872031
366 3294 43.546812455345986 0 -0.04467322860816891 1209.6069861498063 1.2267366585217956 520.1763855741447 5.01857757938186 3339.8065478666886 10.789360599037508
367 3303 42.60367575799134 0 -0.04527800149325478 469.62291446399286 6.065483925708385 1257.1811664080465 0.7278897849500026 8751.951260110793 19.935185208608903
368 3312 45.769115083893716 0 -0.04154754210054894 849.4162314099399 0.18500566432497012 1247.2958762801645 3.158881299006646 892.2335115819864 9.657892068182306
369 3321 52.86935080124337 0 -0.04468401744933531 1476.9014542677255 6.14239698344606 1048.8214146764635 3.285484393220713 8272.705709588068 13.241109447365773
370 3330 57.759667164848345 0 -0.045254408322269526 825.1516519303568 1.2087242244200134 775.4205302754635 9.54499580186145 12861.32138050627 6.348439963975466
371 3339 63.949090671507115 0 -0.04287398054966535 710.1420597620545 9.944789017490763 1210.3205803757228 0.7203083938693111 7648.698840287587 13.769163877728124
372 3348 68.72042212224225 0 -0.04508162563011063 919.8955641140096 8.707977776156337 797.6007590776717 2.251217235387651 7304.976030441283 11.587237526736033
373 3357 66.44222297331785 0 -0.045289428811071494 1334.0157315273386 7.0938465576526255 896.0618423913766 7.149814074381402 8264.226422164917 2.224696463646467
374 3366 67.4812055677061 0 -0.0438711315491524 1499.1989716919518 9.246662420543318 874.0708954837828 9.15960327408277 6648.134946279548 0.4060204748282672
375 3375 61.474165081100075 0 -0.04529971412716623 359.0311649645613 6.567277925864278 1011.870499359336 3.7120502351318354 7123.865427752889 18.809468623150543
376 3384 62.42543083004609 0 -0.04426122654828121 1267.772807250718 2.4614148631671107 1358.4685994065962 0.14957482398269806 14629.617859187592 13.278967551404753
377 3393 60.30276438876102 0 -0.04392285415213841 1494.6703755531098 9.201556457487644 681.1804432598132 3.278544547700017 5273.122371351557 11.64611765520602
378 3402 64.94220695475911 0 -0.04532958185220272 1101.9958795057446 9.005782492630136 1422.704000837433 8.409020059741499 13997.245591990133 0.0891248314559846
379 3411 64.70411360686293 0 -0.044417456389828025 663.1770589539192 8.222623608543007 1256.2267921582838 1.817951073352674 4712.790043589213 14.778632808682659
380 3420 62.438019344094194 0 -0.04469609264431634 683.9746143541797 2.4091134553691944 859.9335849045019 5.773721287631053 3509.996531788929 5.7967037228373925
381 3429 66.06344425777134 0 -0.04524552758997484 724.75373675425 2.9091602990935144 1298.575535376447 2.3037861132495667 8685.421350623461 1.0967849167434394
382 3438 70.20755178144464 0 -0.04292275857903255 1231.8139178573833 2.6435545937616176 565.716499513865 0.8639130096895768 14830.25934562475 10.65846889209024
383 3447 68.556769903776 0 -0.045129114022250894 548.4993606455122 8.941347037891127 1496.4914706968068 1.076530331835238 5034.020259695513 7.368064221567574
384 3456 62.444212437756796 0 -0.04526102687955548 623.3891684014073 9.987215173755644 965.981628012014 5.4945572587650755 621.5853289202205 18.01332640470134
385 3465 65.25669887638055 0 -0.04287500620185011 596.553540479259 1.5014637053130784 1496.7086336182263 9.708952033091965 11775.263740663257 15.61796221349195
386 3474 58.19711481594968 0 -0.04510426623810494 1367.982698423113 5.836993649189857 582.5240539557562 4.901708358113808 1504.4304586025755 16.760326823153008
387 3483 61.65662425775789 0 -0.045238804340088326 1149.7744701708084 6.889955304800452 555.0987314241283 8.15602202039006 4412.131927147557 13.468169610987076
388 3492 54.05888793327042 0 -0.04388544249836407 503.223409857299 9.770832129903782 580.2558855660812 4.664790217647544 2455.933731407895 5.244093919386216
389 3501 54.94481921084361 0 -0.04520818305216785 543.2623584240664 5.733490397489945 1150.2649262596328 9.8602949017424 7135.417388897846 0.15643769875367186
390 3510 49.3755947051114 0 -0.044373396178981284 1411.9102906871685 7.839115298957758 1499.9762934033322 1.8195165290446424 10872.993237637522 5.021214966788742
391 3519 51.44000795328707 0 -0.04463644609635323 407.0182589952004 5.784906502631314 1332.084642411924 9.977423170306066 1833.7110280291236 16.118159283959443
392 3528 58.98048207284441 0 -0.045325024488320986 593.6953058204002 4.506632118345715 669.4907958939075 6.170723066819084 13721.795419291602 19.855699990794925
393 3537 69.87934874638897 0 -0.04149439198074277 1210.1812368582869 0.1158916047974401 1490.4714883107754 9.91963443745262 14739.011184176397 19.13560480956473
394 3546 68.3179759776383 0 -0.04471620650680494 822.2918652782832 0.07785634014083342 629.1091060321633 0.4279624215326635 14592.08589688762 9.560715535480533
395 3555 70.79141830039859 0 -0.04535004928091023 1081.3258814638411 7.265853784904337 546.7272647873615 5.103008576630009 14682.445375265295 12.322277511962994
396 3564 73.96379875630787 0 -0.042965279925274893 801.4645332792961 3.387304474458624 873.1722066382026 9.903206763688917 4793.237057078097 19.426576304873596
397 3573 86.96303443422742 0 -0.04505512264171996 1075.2671811045902 4.5083788749788045 1008.8582282748393 8.366052922607684 2362.4549041117193 9.050712820190313
398 3582 98.530758696409 0 -0.045245013807990564 432.78137001187713 4.210528775526399 710.833536413782 6.126551086658026 5573.1155516488125 8.239419707379938
399 3591 93.8247685485515 0 -0.043846147903079016 967.013885509321 6.626872095938216 308.3929627646164 3.986142674527116 5245.844176587101 19.73454435551731
400 3600 85.61707989884364 0 -0.04522975304010139 1014.4586377041305 9.996602685270586 560.5949604627443 3.795890796156664 8783.790288844903 5.065022647485705
401 3609 82.0818305542654 0 -0.044351216790464 365.44489053634277 7.036573543079641 779.1801829859251 4.4637097352502 13629.919177889062 6.784347577943549
402 3618 92.07605717348748 0 -0.04395282392067759 971.9686537580251 9.751388289455656 571.13321956586 2.208450554706417 7003.954122972258 4.162877834939351
403 3627 88.15030021016466 0 -0.04522241135423635 872.3251777542905 1.4037413174188131 1201.915568712871 5.600885188455981 11015.885793347363 1.0744363325882573
404 3636 99.40771573619072 0 -0.044384179978569846 732.6407192819555 9.472626966945697 314.6495421901441 9.652445625222258 3235.548196879914 13.741188569008193
405 3645 86.02540105227095 0 -0.04471183733906288 882.3589252624502 1.590046759321055 1098.8945232817932 9.712548066224242 806.2375291389529 14.196320424870612
406 3654 87.2511003922924 0 -0.04524846682016727 593.4632985468655 7.228018242919182 415.1402550083352 4.104700126472949 2812.3157517386917 7.221418595263145
407 3663 78.47890282137298 0 -0.04286574533023871 1402.5374338579168 6.907996524281819 1468.234288566212 7.125196041623042 3547.673100754988 4.624685561666448
408 3672 68.80869657216603 0 -0.04507209783824466 687.1220748469095 0.009580993047611152 453.1805286229064 9.111672371813484 12313.981341745573 1.6073854955572955
409 3681 60.713867766590376 0 -0.04520185658763781 572.5125741704724 0.6794557852253589 518.6382100214672 5.999807773115583 11020.659740003452 12.836859644727703
410 3690 60.871221928481695 0 -0.042855517098446136 1499.9918779504537 7.188857999678339 765.9923401532491 1.6047463580565249 10845.786890865362 4.916049569172799
411 3699 62.656218976955984 0 -0.04508733491461958 1297.088403036003 9.870910430548282 1024.0345736183822 9.911692496523825 979.9225410753861 8.743155571327605
412 3708 60.51462944830492 0 -0.04526582235941186 442.5447300572945 2.860432163806758 631.2497291533291 9.580373837872585 8017.686526460626 19.231443150411184
413 3717 65.89001838222023 0 -0.04395275806689 1292.868363582074 1.1294837032936313 485.6467910382911 5.43477083003396 10698.26075028842 11.799690843349971
414 3726 56.72594472068966 0 -0.04523569469628903 1371.0573497228502 3.0181077099351103 1205.2500837792336 0.006931768916020205 817.2764930819015 15.804882105906273
415 3735 53.09617134646629 0 -0.04438738728007896 1162.993200872137 4.39873742266974 866.7818385165506 1.2081548191706588 8345.433310711538 9.956035471559638
416 3744 48.64239802357552 0 -0.04468226289783431 700.2830992373569 5.412120621502757 573.9543366678699 0.21800794860325823 4500.669843228272 10.639904135832978
417 3753 53.14550912574573 0 -0.04524491124574992 917.9463657960077 1.62783936438055 872.7735308696574 4.7541678698053715 898.7793873424816 19.872368056456562
418 3762 58.44059391205332 0 -0.04150982548609583 760.5804119930617 5.454867792809734 1283.534280586065 9.37583336152403 6622.273953372778 5.744666316981352
419 3771 53.160076441968954 0 -0.04466867406048647 1153.4394564710724 3.327275276265894 1170.9211597725093 1.3043570651423124 6923.453915057811 0.9596375479630068
420 3780 48.360803680309836 0 -0.045231594535238284 613.6261947701787 6.848347343271357 1193.3954913959983 4.015406314179666 8197.025816921858 1.8670633949427327
421 3789 53.86304207301417 0 -0.04285156823886428 727.5958932478698 3.587219870196961 374.57291560627345 0.9485368958015101 1435.175934445273 19.082847453522508
422 3798 57.38700740465471 0 -0.0451399332153207 900.8728952421638 7.301276655676942 685.2335162862873 4.89936951984455 10414.165801596042 19.75025427368246
423 3807 54.032979839363485 0 -0.04522914034337154 1243.262468415558 7.266495713103344 694.286681644326 5.891203652790386 13014.762002205622 2.1518120756889516
424 3816 50.742417583559444 0 -0.04395423744323143 340.15270418460784 5.918718115495585 1497.9854377804318 0.606550249699751 14655.981926466353 11.12986364367697
425 3825 51.25397571104744 0 -0.045286817158801534 1266.3984151753357 4.016705090007699 630.0041222088839 8.31221358871162 9364.999794544836 19.726489538109995
426 3834 54.386551568695374 0 -0.04433053747268456 673.4718298456013 6.2385173836607475 1453.5381768175307 1.5076817919659447 12770.358949518903 7.914600401760476
427 3843 68.5969362978239 0 -0.044032597093466005 699.6895643953194 3.638827950347265 1266.5519122778583 3.2578919159787123 14251.973196531413 8.759351584374365
428 3852 84.40383935992301 0 -0.04521270705758944 458.9980762952058 1.207703614277051 574.908983323547 9.91551320416901 5628.718507164775 0.573535754564773
429 3861 95.9587783115959 0 -0.04443602185642384 771.4240266488345 2.942917387815365 689.1990290732065 8.858178068382983 4787.953857519175 17.50995612798738
430 3870 101.49301516956572 0 -0.04464700494049954 1264.3548628098888 7.25725742782196 1460.369800245183 9.867172113821157 11919.869125485915 6.552851462127217
431 3879 94.01597825884019 0 -0.04529210382854043 1486.016352831292 0.40751632804391846 1364.7957817252754 7.178907841602813 13783.466391793452 18.061390113175378
432 3888 85.28526347942507 0 -0.042917098440215976 1499.984232223083 8.423865840514758 940.077244108892 8.710846451468774 9410.89586946636 9.908494179301215
433 3897 79.3963092957941 0 -0.04504472971643375 710.5286848616051 6.3638195877521255 1440.2291266807006 3.242508427341443 4521.331522995641 17.53637744727473
434 3906 73.30106013405683 0 -0.04525928506726176 1027.3549223511359 5.909202064123036 659.4939355825481 4.11207976399146 6636.361742538289 16.370523624497515
435 3915 73.33500175577458 0 -0.042939640906888926 1114.7378526431216 0.1719480386344685 706.8229649114073 8.926874751857383 12295.583374029753 3.0301473377815
436 3924 65.79175750586471 0 -0.045107873177731475 428.4196945718562 6.706056558722942 981.7539270751586 2.3396017041535515 14908.284192919315 1.2076043225911235
437 3933 58.531186309455876 0 -0.04524137587416947 889.9848530712229 8.699579640830398 441.42895526568464 9.721412928664645 9948.242094880517 3.9945558489031328
438 3942 57.306717365086044 0 -0.04388895564506401 1039.4397178079344 7.337600570866215 415.26856089414287 8.980467529007433 7529.950033814768 17.10693723946042
439 3951 57.632123232450255 0 -0.04519531314926907 479.8550705706497 2.8368485872377036 300.2454800793583 9.960186116197708 3009.2103458822003 14.634018764566036
440 3960 56.65206780619357 0 -0.04441855953426753 1499.5414714618223 7.466410080296596 525.1782227323332 2.0363226417130935 4556.818290616769 2.4416282527019177
441 3969 53.68360150078845 0 -0.04463787539818062 475.39492718632573 3.456243344533931 1451.953015222309 7.878994818278727 5754.122236158559 8.667468231361227
442 3978 60.07035203966419 0 -0.045222162823961104 853.7223471276088 4.4896099480204175 1239.331663904486 6.826219056719742 829.4058091358165 9.644025356002771
443 3987 65.26988430258541 0 -0.041530133110121104 318.0742328965374 3.36988124005307 658.2670666635095 8.991272247630922 2774.397122778528 17.385925764762476
444 3996 79.40531655823347 0 -0.04466231629662458 1363.4839162494004 7.547324745525854 643.6884048268839 3.4918481672602866 5772.078586257185 17.904381553680906
445 4005 83.52986608376533 0 -0.045279009071106976 668.7913705456776 9.332431092996037 1279.111333074783 9.959030423470983 14511.32438068375 0.38899792349277507
446 4014 94.70590791266645 0 -0.04297789770748987 1431.529147041525 0.463082818762222 533.3514519932505 2.9857624129707006 5189.732603283313 19.83416973317955
447 4023 85.37038859900227 0 -0.04506644921604913 1490.1019147084685 2.6378758846850587 840.0071766376423 0.20031330862587993 13419.475784374139 5.244825999563602
448 4032 79.50980343017528 0 -0.04530207779074427 861.4367569929768 7.901367825344842 1004.9477267484558 2.22953002298558 10102.36046963659 9.056155631180232
449 4041 67.94570854942646 0 -0.04400167759068249 1483.6824662535362 3.1094050781932268 835.7464114897521 1.5630930160116576 10826.876266187983 16.128168204007295
450 4050 69.97261160152965 0 -0.045222410192939586 1072.6827013552174 6.052502963900928 655.3280577775731 9.338135971499275 6237.728047182818 13.863062889407786
451 4059 62.1811405759616 0 -0.04444499457786179 311.3074285063079 1.3863945363187269 384.69401955504725 9.943758036245521 14983.238209579096 17.81952020859444
452 4068 68.53488930074711 0 -0.04393341548902563 1045.8721371759166 1.773795626967491 933.2365635732713 9.107772654683629 4255.163243604562 9.191067534319053
453 4077 64.21758305142428 0 -0.04526809769343296 1349.330638955043 2.725772024533505 1436.134164444284 9.885405762720561 9642.394998159589 6.2384693554057975
454 4086 60.581312936332665 0 -0.04450346407640106 971.5831608304884 7.337308839909417 603.9475630302477 5.458596168006386 5882.7090151735465 11.081680128836041
455 4095 61.07968779028699 0 -0.04472700659819777 481.16276016387565 0.23623983588966413 304.828219751189 0.5728345015652963 3913.4886460067355 9.180011052168823
456 4104 55.79675707142911 0 -0.045226476636924307 551.7182683953637 6.777992585203137 399.2866381686457 7.203130784996802 1725.0192934375082 3.697294588178522
457 4113 50.94564432711061 0 -0.04282462102162615 1136.9540794806176 4.456867644518496 1207.9735403849859 0.19747641912147174 12586.866152778675 1.7975377236123649
458 4122 50.601123550995936 0 -0.0450787566854286 1265.8330700832244 2.378788465613269 610.2753407319454 7.924698537323252 1856.4444744078792 19.732348181646145
459 4131 52.053006638306684 0 -0.0452382956901172 512.6713249424268 6.730106610411127 1145.0607149992939 7.319636755185456 1848.8052574680974 8.191283556157458
460 4140 50.540946979421584 0 -0.04294253859221413 832.051864859905 7.319745967164158 1097.94243041047 2.493774965135799 10120.678628533084 4.4619005340752835
461 4149 43.60338896085008 0 -0.045094925853822826 1101.2033150660804 2.59862920392802 577.4525909257558 7.341014403617862 1384.8455597256543 18.039784437216753
462 4158 39.321417572450244 0 -0.04525744579294677 348.75086866738127 0.574948660017391 806.5700702976669 6.486979830129599 6941.504243959154 5.3564824713438615
463 4167 39.85643029757813 0 -0.043843590847965394 733.1936635870028 2.255969867937303 471.158927143013 9.038537118695444 1264.0689556171478 4.101103652572164
464 4176 40.033768907654654 0 -0.04523818771201524 394.90399416824584 9.880870074168993 1498.7598204490534 8.517378107850481 6248.990840261997 13.39995440040851
465 4185 42.67166103824927 0 -0.04433996624853685 1399.7551849618612 7.802862583381971 1279.8510264247743 8.46406559351667 12386.576647263684 0.14297024606320008
466 4194 50.004054494366095 0 -0.04469480630704761 765.8557502741096 4.78383211587037 645.112721105841 6.033157999557522 7249.40703845518 19.69564959279926
467 4203 56.715232380767546 0 -0.04523202177996591 1255.5251751207957 9.313790516596063 712.8657941945406 3.4010953551476977 1628.6090355800843 10.188607199904908
468 4212 54.90160688730231 0 -0.04156594064497905 564.0103012933563 7.558863619866818 1212.2718660653204 9.034420970340056 10594.186096443751 18.07735921607815
469 4221 55.3108982201889 0 -0.04470270954710054 934.1137277269663 2.862906211395485 365.87109569551683 3.678799614188188 12798.005551057702 9.003301167268631
470 4230 44.7735273299983 0 -0.04524184716242384 968.0327113156964 8.672933324176496 1088.4649159085457 8.826597400352057 3375.9742460709876 14.809367796286713
471 4239 40.082959715168734 0 -0.04290514886652971 588.195334239483 2.230418350761761 1495.5206793699563 5.030459121734623 4781.132250153363 6.0829166838065305
472 4248 36.998876292266516 0 -0.04507021000424781 1170.0741090019415 8.791680608088717 301.4603959088493 7.669593407111961 12945.255278519524 1.201477989803473
473 4257 34.07571285895669 0 -0.045261370270692075 993.9841936927892 6.1031848027104285 428.11261769288683 9.640598718653658 12964.173896506894 15.666182846133955
474 4266 31.239857354025208 0 -0.043989937333573245 577.0961314563065 5.981528155869908 1144.0539581603516 9.768582707063194 3132.380150533738 10.051498245441515
475 4275 29.92417852914635 0 -0.04521270540074483 735.1775929722862 0.9049392716990652 942.2793605857223 9.076341463448875 1671.7839806877018 7.828936770793755
476 4284 31.724281391623887 0 -0.04455556594248715 1090.5439440189416 9.18737441159463 655.4887352418867 9.172616389788288 11411.606001679087 12.194349049217898
477 4293 30.01607933759255 0 -0.04393824171590015 387.42158613555 4.236527835809236 1372.933695451451 8.82547893787339 4415.55071314043 5.808620447129385
478 4302 33.52092087147203 0 -0.04523772746354071 845.6549014221077 8.55978701189874 1376.6886466438823 6.959909813159163 1214.7288836238731 7.8654153421552735
479 4311 34.20717425271891 0 -0.04434481806471817 877.597588935947 9.805830733967495 1330.4903287050183 6.989327494410759 5774.763392657425 13.247774074773394
480 4320 37.43589777735837 0 -0.0445997200118667 1174.285669253135 7.910752029574473 1003.6980625647993 3.3862289314528997 10086.187167644122 10.059414759163054
481 4329 39.58282066813359 0 -0.04523063520942881 1094.4996782919225 9.407034152609738 1342.1208137547887 9.835516536881542 9883.632130300446 11.394173547105652
482 4338 50.48986838541315 0 -0.04287612841552736 619.2397556291784 8.736356900021804 943.4412312972927 8.584744502720241 3351.2407213142196 2.294475033190702
483 4347 51.60543777900444 0 -0.045066280037565715 1444.027687419186 8.044207817172577 1198.1702870352674 3.758333635846464 8796.139509099181 4.137567157261907
484 4356 53.97200032145199 0 -0.045273822382864426 1436.3430806891995 6.953998371764662 1176.0708294267606 9.795581695225948 2360.730409040442 13.415593587273065
485 4365 59.03026339670756 0 -0.042780309281929205 942.357577885306 4.43335612202897 312.1429014502795 8.450251891416803 3950.1457617458364 10.107787581903494
486 4374 63.16427676371082 0 -0.04506951013219318 917.0034275340513 9.802357295819991 1233.5030947096966 7.292808147214544 13313.301995747514 18.359582050455572
487 4383 62.30987301867562 0 -0.04529785740838553 557.6615873669056 8.54886098442259 1328.5107802989164 9.934313080330769 12000.579068959429 19.543695589247395
488 4392 54.33037986330052 0 -0.043945522959422764 1206.2165637996186 9.509372683465251 1471.8120659698911 5.6837966133486475 10551.634013037605 0.8127501992913153
489 4401 60.740636983635 0 -0.04528524073354406 1375.595083809601 8.541284183826397 1353.5891156552898 5.613378936700258 7370.840393608145 14.823208606781781
490 4410 65.40547892568938 0 -0.04428355880287267 814.240095640926 2.4123751629544845 999.2638212021484 1.6253041108063826 13445.937771323894 15.096696896414334
491 4419 68.41229766952289 0 -0.04469984097831606 957.9785503828584 3.2806273603113585 479.7466731019798 3.9849855705918458 13276.254096491903 8.418019965527684
492 4428 84.33777481231323 0 -0.045231298411652396 1457.822183068686 9.993397291006163 1224.006601186638 1.883193796720036 6948.580147690989 16.851708741217067
493 4437 102.82379161920439 0 -0.04152146227960611 1094.9410600329575 8.867381906122162 1283.7806728913565 6.144940357673761 2155.7056682598545 7.08939579856451
494 4446 105.36397830473442 0 -0.04466311955433265 655.9372472096893 6.252045263084057 1414.616905648818 6.030308619491734 4568.318890016933 15.439913940860015
495 4455 118.66026480776016 0 -0.04526320805482871 1174.329680403418 9.128301039164157 441.14035789515617 4.750389482646199 3971.511188873561 16.802263418669817
496 4464 109.45953708066705 0 -0.04279273472363858 609.3994672388184 5.342238235644928 581.8090235066396 9.399406675071566 7229.140975396154 11.307600914445494
497 4473 98.92703161884727 0 -0.04510171785424667 678.2979880065235 0.7099364002750832 1378.1229087150132 3.9078736719060547 11822.121898621757 9.943409753930773
498 4482 92.84476390607968 0 -0.0452245744546977 985.8822400483223 5.41836592318119 984.6171026689117 6.635550495910877 5452.465607187623 6.008978640254691
499 4491 86.8217415985028 0 -0.04392934943516473 1328.223462557749 4.381008090290317 681.8882356489834 3.771678244773227 1567.941263743624 14.530061021969345
500 4500 81.1733847120093 0 -0.045273789078362284 555.4580854076812 1.0420505418658421 709.5265279195504 1.8163161552510814 5428.811408833833 14.473098098337701
501 4509 71.28473146345418 0 -0.04440498446619859 863.5613206275652 0.788648063151939 1446.7216117200355 8.799760670184298 8635.373392524396 6.708909819366932
502 4518 66.7474343013196 0 -0.043902367128535555 1350.415587889967 2.2056373598718952 875.0672404479105 0.7650459538077712 8939.207525909267 9.177205563307886
503 4527 62.334643296006725 0 -0.04529598566324908 871.568191111694 0.6898660956025253 1195.9943337373784 0.8528058204324225 7978.190110917611 19.097769614974958
504 4536 61.31079768521491 0 -0.044354551391321745 547.6249020450836 6.517283293566962 752.5278600605889 4.304742016881846 1736.7044521361822 7.1191529662542905
505 4545 57.12021745950116 0 -0.04470602217151383 591.4795999609487 6.235686168185026 1140.063098240411 0.4110125870777438 3809.1614815862267 2.0690257591064665
506 4554 58.980211225409306 0 -0.04525106649469819 1322.9505170586344 5.188253958883692 1145.4593090116578 4.197731789042871 1131.5492084300204 10.500998490162807
507 4563 63.332309288121216 0 -0.04288076223272866 411.8960280948835 2.3845112789401526 1237.8425431494447 0.8669209389535921 5333.231674132112 13.383579762879492
508 4572 69.00273388509055 0 -0.04510875360781015 1482.4740193162886 5.051487429418955 1097.169334449769 4.337212847564297 11311.635744575435 9.328962670902058
509 4581 80.57196994319565 0 -0.04526401596651938 1496.2660604563675 1.400709635759847 601.1232284489233 7.96584440132807 8341.612787554588 5.486070052501816
510 4590 82.21387266132224 0 -0.042892026258945976 1178.7992849299535 2.855628546791616 1095.1912362598923 2.8226804958943603 8292.14284653985 2.6078030485099024
511 4599 82.97784729458874 0 -0.04510204063036714 502.96189255470017 8.926354123812564 390.9685656325295 3.4261088175907393 9745.912836434518 18.907935284516128
512 4608 79.97778712371088 0 -0.045264048916872954 1383.8553602469801 3.7362494925648324 998.8687192807206 8.538310508845711 3560.1799145241093 14.193449804656643
513 4617 74.41628713651629 0 -0.044024297391483766 850.6020186503688 9.560650940691666 1210.5043994691005 4.085493624040225 9055.02720319535 19.501277538551708
514 4626 71.7566955997703 0 -0.04519923230353441 1160.9459848437014 0.4333841182845447 748.1837405343962 6.277142033528548 500.18935300030495 10.750608689638455
515 4635 74.98817033747417 0 -0.04450278913571101 1194.240964209217 1.6063311510130176 479.1123359719844 9.248918498471346 672.701808302087 18.579690312150404
516 4644 70.64265540351113 0 -0.044709089918721356 1300.9761089759172 0.09998136030925198 448.6309732886642 3.739541147666671 8863.286485546298 15.91322585098161
517 4653 66.96257560377329 0 -0.04525594463935877 1404.173832592609 0.5362332350638979 1002.9275576218147 6.339116507845835 2925.087433559549 9.954209286106874
518 4662 70.03884770476091 0 -0.041547013662563914 1454.9369411662099 6.903659221152651 1447.4488199445962 9.942290128029692 5448.178364420732 16.754756319046393
519 4671 66.31483406726248 0 -0.04468595970155645 426.1738607808933 5.482521549533416 847.3566130557156 9.971181577951912 11105.216428115842 19.82208181279273
520 4680 66.57159996362589 0 -0.045260015950320004 556.6839310851792 8.269514108581111 537.0933670581144 8.352199431357633 6852.375613874208 17.63205880650591
521 4689 72.74690656065125 0 -0.04290963507547227 1059.854661418496 5.984562291240556 1218.542008723518 6.3139242400432405 8683.688040995272 15.006838849234176
522 4698 73.83445092412862 0 -0.04506008008363953 1479.4504537454743 4.795780041074105 660.7528253325727 3.922355508046758 1459.4216699587778 2.5374883508468002
523 4707 63.8769761233038 0 -0.04525767065191917 1162.230931901247 6.251381036660305 415.0894449973348 1.8120743462583504 13290.311260551063 18.95606501241401
524 4716 70.27032220569215 0 -0.043878112354579946 606.0789748719544 4.408108390436107 803.4713295922325 9.687037945971035 12256.930547776277 5.776451705217383
525 4725 68.69479991134844 0 -0.04526081411546627 300.4353395032174 2.8325674238112644 402.5590932661929 9.028926213651323 8470.960970451555 13.602511465984605
526 4734 65.48574850069842 0 -0.04437407945032673 1459.2838656384938 7.7525229573802985 1083.8154269437146 7.617456708136649 706.9543473116792 3.588566255097305
527 4743 60.03645696117954 0 -0.043928452655323705 689.4900457385629 7.755796632523717 1411.0665602512686 9.226491196600113 12309.335490070307 7.991803938374662
528 4752 62.538204282962795 0 -0.045244672829280116 459.5739026246032 1.6613487399044828 1034.3175033752136 4.9515825102392 7630.7363773755405 11.31936246534957
529 4761 60.38081083100709 0 -0.044418231577303235 823.9508031622595 0.3673678458672299 331.2101751253489 8.632211173918426 4024.3492602534243 4.2596373703647235
530 4770 60.35958910536482 0 -0.0446596266237233 1466.9157967523533 6.95449328915943 605.8116142267318 6.2140336254474615 14902.65691327872 14.306665595055719
531 4779 60.03798010671359 0 -0.04531253123631902 917.7598787538882 2.9965485719224603 947.6464492650193 2.026773325096565 13192.437193313464 18.111886163008187
532 4788 59.683707784194404 0 -0.04283622576930993 517.6241654492609 9.373741207185915 1425.93574529876 1.8254438827533135 2995.962297885055 13.773856872687787
533 4797 64.52051410011279 0 -0.045059663713129555 1196.1153324722945 8.8071149838093 1444.9972587295144 1.7710407288724581 11400.99620747965 10.936200461301894
534 4806 62.52959081360123 0 -0.04522495076695618 1233.1792574114625 6.837269365052265 1460.933300302139 7.511510456768269 8013.649834896592 9.548249228348247
535 4815 56.9954858738448 0 -0.042848428059456156 353.81760611628124 8.829924247493764 1397.958599861931 3.71523836003629 1772.8952681164724 10.938923883394239
535 4815 56.9954858738448 0 -0.042848428059456156 353.81760611628124 8.829924247493764 1397.958599861931 3.71523836003629 1772.8952681164724 10.938923883394239
